296599315.6954696
198885563.61082748
141909112.96439058
102771510.63948049
74244964.8569134
52989753.41138935
37067871.09096663
25339058.329912636
17944033.402749587
13950588.31595754
11171709.710599054
10755379.881179063
7848616.27092052
7122247.177927969
5881037.445826218
5487895.351353356
4077721.1921913275
3644528.708564201
3070385.376983122
2965732.1400765725
2561661.2100611413
2428469.225949312
2873669.8695179406
2654420.767468396
2716422.23516401
2528622.594913665
2885483.3556575538
2749160.9915001066
2775440.9642517795
2711922.5460614334
