15015415.731133778
10567620.235733777
8026107.270198732
6321761.4353544805
5115092.212842567
4247617.848560172
3630346.1458528326
3207443.8428751677
3015186.7527354145
2957179.4938063854
3007314.6681139222
3097773.4668474663
3179497.083376032
3324122.61273306
3331289.80707194
3476007.2175356993
3491835.726058066
3649360.7026770217
3683120.5697113336
3877180.977031113
3942002.059218289
4151688.145241604
4221428.548998404
4324744.815790502
4344777.387164401
4354850.248752609
4265749.538484653
4309328.127439722
4254645.364933755
4228841.336007833
