15015415.731133778
10567620.235733777
8026107.270198732
6321761.4353544805
5115092.212842567
4247617.848560172
3630346.1458528326
3207443.8428751677
3015186.7527354145
2979465.2801058586
3008129.6725211707
3131593.09970633
3081083.186029354
3235932.479809596
3289195.001672717
3430689.8438526522
3429158.110488336
3620147.5098625473
3674559.087925324
3844418.440711575
3880592.6275125775
4063148.4736643424
4173038.0288865264
4395995.507292216
4425160.7657021545
4630982.863075021
4771002.844434561
4783826.039728339
4720099.684536112
4702220.517660272
