296599315.6954696
199067737.46386638
142277324.7110895
103158178.90893799
74632003.30191568
53327763.667590514
37404199.151825935
25590353.054930743
18140449.650964417
13497477.601068147
11021321.752707962
9949124.633573122
8258708.892151645
7095970.49671362
5494817.116453171
5275926.990738509
4001663.4287790703
3873956.0892122407
3120256.779664216
2783385.924016346
2579768.2857770883
2324481.4861895503
2490613.1469339174
2403151.535722464
2577173.3554409747
2399902.3456895947
2674620.596441547
2487677.357694627
2651403.6293531773
2677495.2895585387
