296334705.4045902
198730220.69624123
141844429.4647577
102676886.59099443
74209807.10428923
52927945.2791863
37029182.10394402
25294307.0941225
17926485.129234057
14014026.38508318
11163990.601558035
10192650.556947794
7585139.863101823
6830292.719732227
5362530.6672627535
4734645.082072442
3481188.0084679243
3250737.5683387932
2662132.5962240114
2552615.051303051
2391138.8950499403
2327311.3607339775
2487846.3341907137
2517673.470526514
2627261.4367782967
2476280.4356136722
2490368.0367660364
2284513.372238007
2321758.239897753
2114259.19444718
