15015415.731133778
10567620.235733777
8026107.270198732
6321761.4353544805
5115092.212842567
4247617.848560172
3630346.1458528326
3207443.8428751677
3015186.7527354145
2985304.1163590224
3009314.3451839583
3149278.9582236265
3119044.950125147
3285838.812743769
3314114.192327599
3507581.452876226
3524868.9496409018
3678454.4787271265
3725927.980900592
3887369.915400274
3967447.145465993
4102648.7731602658
4179495.820188842
4367472.024445423
4474018.824075322
4506972.051048332
4458183.870052873
4548047.020747813
4471535.777848502
4536564.76847547
