15015415.731133778
9924041.922533778
6999876.774381605
5027591.638173767
3621200.682084426
2600506.1765217376
1864318.7122255908
1349151.4365584005
1012089.7236877935
822523.7483552139
758729.1249311802
780455.638648324
840125.0197151965
934421.2953751088
1001820.55427595
1053287.642316434
1154042.5265571643
1304985.8918117697
1427776.4990301349
1527860.0024911584
1661941.899450554
1741002.1706195017
1925500.5199383236
2081076.2916168955
2211537.537592531
2354355.666607866
2578670.0696001514
2768010.0583090126
2814559.6201451635
2894914.6004144796
