42.179741462319576
140.54304450990026
731.8037179952314
0.0
258.74410943701906
59.96874620618677
0.0
0.0
140.54304450990026
0.0
731.8037179952314
664.1637642197501
0.0
647.0796803359162
543.3964830202517
846.784239032689
446.0962347274363
469.7095529502501
647.0796803359162
0.0
0.0
0.0
1588.98196268242
543.3964830202517
0.0
0.0
846.784239032689
430.9688265954619
446.0962347274363
1165.8266511151005
840.7819726950781
177.01167230934615
0.0
1298.723532088983
1165.8266511151005
0.0
0.0
840.7819726950781
446.0962347274363
177.01167230934615
459.95136075906646
0.0
1242.8078402117847
0.0
267.3182531598345
0.0
852.9479856100705
0.0
1381.7594764568667
0.0
0.0
0.0
0.0
267.3182531598345
0.0
731.8037179952314
0.0
0.0
0.0
0.0
492.0624834691655
211.2451821410726
0.0
0.0
615.356924484376
0.0
0.0
0.0
148.9868230218605
0.0
591.8494552874257
77.82543233215338
0.0
211.2451821410726
617.5397777164972
0.0
0.0
1006.5343095146251
0.0
617.5397777164972
0.0
0.0
849.6050292507205
0.0
765.347387946827
0.0
886.0018896401862
120.53241987444456
86.64736098907204
0.0
0.0
274.7578859133776
113.86997055549324
86.64736098907204
0.0
0.0
0.0
0.0
0.0
0.0
0.0
0.0
261.26906011126107
0.0
0.0
274.7578859133776
450.67754118346505
41.533542790189934
548.6552715431185
0.0
574.8775600742779
389.10795510662837
532.0355852267535
328.9694638799228
0.0
61.894561195863844
0.0
548.6552715431185
143.061736089654
0.0
0.0
0.0
495.2022990568748
0.0
0.0
0.0
98.83101470839311
0.0
0.0
0.0
495.2022990568748
389.10795510662837
0.0
0.0
230.2138089268539
0.0
75.43999310999736
0.0
0.0
0.0
230.2138089268539
0.0
308.83561325801776
25.937214012444507
0.0
0.0
0.0
2.3688132348371385
0.0
84.60407582403221
341.4093810873024
0.0
150.005736506766
0.0
237.90846169262437
341.4093810873024
0.0
0.0
0.0
252.9642006816568
150.005736506766
0.0
0.0
0.0
176.0139004967605
0.0
550.14126016732
0.0
0.0
0.0
176.0139004967605
0.0
0.0
730.3832302244016
0.0
0.0
0.0
550.14126016732
376.3021418129191
316.823950121872
0.0
106.89592181052328
481.58322560333795
674.8107228217254
469.7095529502501
0.0
289.13990716540354
316.823950121872
0.0
0.0
0.0
0.0
0.0
0.0
106.89592181052328
0.0
185.68772700771663
321.6670722631147
329.300526310072
0.0
0.0
0.0
185.68772700771663
50.3807133751715
348.44251550595345
348.91890538981477
0.0
329.300526310072
375.47829811860413
0.0
638.8707789961395
0.0
195.262304967948
0.0
452.7637469402478
638.8707789961395
0.0
0.0
0.0
0.0
195.262304967948
386.83287827362227
0.0
1298.723532088983
1585.731760930335
238.2658095857584
0.0
0.0
1585.731760930335
1026.6319240005428
753.7440860642477
916.3436489231934
0.0
0.0
572.0508938940325
58.2085378031819
384.1414096515464
0.0
0.0
0.0
0.0
279.4345876969563
292.6163061970723
89.32339877313987
0.0
58.2085378031819
897.1207958176838
0.0
384.1414096515464
6.359161803185277
190.26765145815267
0.0
0.0
160.84517900834152
0.0
138.130288991915
2.7259451835934674
190.26765145815267
0.0
0.0
28.6690064352064
0.0
0.0
0.0
0.0
342.68512569123465
0.0
118.35704569864279
0.0
0.0
342.68512569123465
420.7736260382016
0.0
0.0
0.0
0.0
118.35704569864279
28.887407325870704
0.0
0.0
1588.98196268242
0.0
201.3433917614953
0.0
0.0
0.0
219.6104969647551
0.0
0.0
201.3433917614953
0.0
1036.0442776630273
0.0
602.7216792264777
664.1637642197501
0.0
0.0
0.0
664.1637642197501
464.627396614351
0.0
857.1978113710005
413.1849720309028
0.0
0.0
441.401888997987
1037.2898617823557
0.0
0.0
413.1849720309028
0.0
790.7127769394375
0.0
0.0
0.0
0.0
122.60890745177912
0.0
292.1934130992658
892.3266259799775
48.220117521570096
125.78253566751614
0.0
0.0
0.0
241.50592931611675
0.0
633.8125433947954
375.47829811860413
23.486154444131422
0.0
11.532895948871975
0.0
0.0
0.0
0.0
0.0
0.0
0.0
289.13990716540354
219.6104969647551
0.0
0.0
219.6104969647551
201.3433917614953
0.0
0.0
0.0
0.0
154.82050989908836
0.0
6.5129995584982545
150.4361306648782
0.0
0.0
154.82050989908836
0.0
0.0
0.0
6.5129995584982545
198.34764499764793
143.061736089654
0.0
61.894561195863844
198.34764499764793
0.0
0.0
143.061736089654
176.0139004967605
0.0
176.0139004967605
0.0
0.0
198.34764499764793
237.90846169262437
0.0
0.0
86.02572736519234
0.0
3.7870543749047876
86.02572736519234
3.7870543749047876
28.6690064352064
3.7870543749047876
34.63198162788516
54.119690920901036
141.9173433668198
0.0
28.6690064352064
86.02572736519234
28.6690064352064
113.86997055549324
198.34764499764793
0.0
0.0
34.63198162788516
0.0
34.63198162788516
6.5129995584982545
6.5129995584982545
34.63198162788516
34.63198162788516
253.361726918096
89.32339877313987
311.57026472127836
89.32339877313987
0.0
420.7736260382016
316.7486395645193
21.877209032978843
294.8714305315395
294.8714305315395
105.50345742344605
206.0668072978318
316.7486395645193
0.0
206.0668072978318
316.7486395645193
0.0
0.0
0.0
0.0
0.0
154.82050989908836
6.5129995584982545
0.0
0.0
0.0
0.0
0.0
0.0
532.0355852267535
0.0
550.14126016732
687.5219556146734
1247.5854417448516
748.5185405399487
77.82543233215338
120.53241987444456
0.0
0.0
0.0
0.0
0.0
0.0
0.0
0.0
150.005736506766
0.0
150.005736506766
252.9642006816568
252.9642006816568
0.0
150.005736506766
0.0
252.9642006816568
0.0
261.26906011126107
0.0
150.005736506766
0.0
252.9642006816568
0.0
0.0
0.0
0.0
0.0
0.0
230.2138089268539
0.0
0.0
0.0
0.0
230.2138089268539
0.0
0.0
0.0
261.26906011126107
0.0
274.7578859133776
0.0
0.0
0.0
0.0
0.0
0.0
0.0
245.87047858750765
28.887407325870704
182.48789086863604
182.48789086863604
0.0
532.0355852267535
0.0
0.0
58.2085378031819
89.32339877313987
230.2138089268539
0.0
0.0
0.0
230.2138089268539
0.0
0.0
0.0
182.48789086863604
98.83101470839311
98.83101470839311
0.0
61.894561195863844
0.0
0.0
0.0
252.9642006816568
0.0
398.8964170052227
234.36293036192782
0.0
0.0
349.3304822855967
61.894561195863844
166.8425914169601
0.0
0.0
0.0
633.2593473671506
217.94768806713645
166.8425914169601
51.1050966501755
0.0
0.0
230.2138089268539
0.0
0.0
217.94768806713645
311.28667282633097
217.94768806713645
84.60407582403221
311.28667282633097
51.1050966501755
51.1050966501755
0.0
0.0
0.0
0.0
0.0
745.0446377003673
849.6050292507205
279.5810181011936
89.32339877313987
0.0
58.2085378031819
0.0
111.23209430556821
358.4701448495427
358.4701448495427
138.130288991915
0.0
2.7259451835934674
0.0
0.0
58.2085378031819
89.32339877313987
58.2085378031819
138.130288991915
0.0
0.0
28.6690064352064
0.0
0.0
0.0
211.89228732895916
0.0
1542.1102004790416
840.7819726950781
145.60564887803892
115.80414903699268
9.214861021050194
55.83540283080629
0.0
77.1561566180124
324.0843521044508
115.80414903699268
0.0
51.39374573730757
2.7259451835934674
0.0
185.68772700771663
77.1561566180124
0.0
0.0
324.0843521044508
2.7259451835934674
59.96874620618677
0.0
0.0
230.2138089268539
230.2138089268539
0.0
230.2138089268539
0.0
0.0
230.2138089268539
0.0
0.0
0.0
0.0
0.0
230.2138089268539
0.0
0.0
0.0
0.0
222.75391119954205
1005.4839472680536
679.626576004961
790.7127769394375
0.0
177.01167230934615
333.45729887777895
759.3542491580831
1228.2378584675905
253.9571542861175
0.0
759.3542491580831
0.0
430.9688265954619
0.0
195.262304967948
0.0
195.262304967948
459.95136075906646
0.0
386.83287827362227
0.0
0.0
1036.0442776630273
459.95136075906646
0.0
0.0
446.0962347274363
459.95136075906646
386.83287827362227
0.0
846.784239032689
1036.0442776630273
0.0
0.0
0.0
0.0
0.0
0.0
0.0
0.0
0.0
446.0962347274363
446.0962347274363
0.0
430.9688265954619
0.0
430.9688265954619
0.0
0.0
0.0
0.0
0.0
0.0
0.0
0.0
0.0
0.0
0.0
311.28667282633097
0.0
84.60407582403221
311.28667282633097
0.0
84.60407582403221
0.0
84.60407582403221
550.14126016732
77.1561566180124
0.0
464.627396614351
0.0
185.68772700771663
77.1561566180124
0.0
348.44251550595345
633.8125433947954
0.0
633.8125433947954
358.4701448495427
329.300526310072
348.44251550595345
211.2451821410726
0.0
464.627396614351
615.356924484376
382.13886376580444
57.64467013004068
916.3436489231934
120.53241987444456
77.82543233215338
997.4957882501816
0.0
0.0
0.0
638.8707789961395
452.7637469402478
358.62500925404447
452.7637469402478
916.3436489231934
753.7440860642477
753.7440860642477
0.0
120.53241987444456
120.53241987444456
77.82543233215338
84.60407582403221
0.0
0.0
0.0
0.0
1148.737713875926
233.02176258093854
0.0
0.0
348.44251550595345
348.91890538981477
348.44251550595345
348.91890538981477
348.91890538981477
348.44251550595345
1148.737713875926
0.0
643.4571063492028
348.91890538981477
267.3182531598345
1148.737713875926
413.1849720309028
0.0
0.0
0.0
0.0
252.9642006816568
111.26332360449402
0.0
28.887407325870704
0.0
261.26906011126107
261.26906011126107
0.0
118.35704569864279
28.887407325870704
0.0
118.35704569864279
0.0
118.35704569864279
0.0
28.887407325870704
0.0
0.0
0.0
0.0
375.47829811860413
