0.23895619999999998
0.1535273
0.0421958
0.2211565
0.18471415
0.6257793999999999
0.2088699
0.7666704999999999
0.9255844
0.27933615
0.7666704999999999
0.28313
1.1857431499999997
0.13690519999999998
0.0264937
0.21094105
0.33017304999999997
0.0474858
0.09231279999999999
0.28793009999999997
0.36100224999999997
0.36135989999999996
0.35529594999999997
0.32931859999999996
0.15140325
3.6917668
0.11877774999999999
0.45910414999999993
0.28991845
0.300127
0.29424129999999993
0.48951475
0.2597252
0.18509939999999997
0.1021821
0.23871124999999999
0.2094449
0.36632905
0.26374444999999996
0.36402905
0.2031521
0.8928116999999999
0.2010177
0.0931684
0.08981499999999999
0.03838125
0.22053549999999997
0.32379284999999997
0.50997785
0.024541
0.20276914999999998
0.0944909
0.32379284999999997
0.3314392
0.06600885
0.0754055
0.33234195
0.040749099999999996
0.17411575
0.45651319999999995
0.27293985
0.17411575
0.3388383
0.20847314999999997
1.28429815
0.03529925
0.27700395
0.09953939999999999
1.28429815
0.20133394999999998
0.12731765
1.5088022999999997
0.35883679999999996
0.03901605
1.0823041
0.11108885
0.3964107499999999
0.06304069999999999
0.21391954999999996
0.21745235
0.2137574
0.2194706
0.21745235
0.04246144999999999
0.008552549999999999
0.08278964999999999
0.26656654999999996
0.1486145
0.13174745
0.1498795
0.0674406
0.14232284999999997
0.37869844999999996
0.29121564999999994
0.8044537499999999
0.37869844999999996
0.37812344999999997
0.23629854999999997
0.23219995
0.23629854999999997
0.21433469999999996
0.1315922
0.39595534999999993
0.6919434999999999
0.28555305
1.03697685
0.32342945
0.2241879
0.14301055
0.28555305
0.2418427
0.10504904999999999
0.20144204999999998
0.22865565
0.10504904999999999
0.10494555
0.33359429999999995
0.10501799999999999
0.34159484999999995
0.10419919999999999
0.10444874999999999
0.3242954
0.10501799999999999
0.19531714999999997
0.57926305
0.3401102
0.50790095
0.54465725
0.22500784999999998
0.2434366
0.09711634999999999
0.22600835
1.8995492999999999
0.22500784999999998
1.7703697999999999
0.8292374
0.25124969999999996
1.3124340499999998
0.18008654999999996
0.1850189
1.4291452499999997
0.10563784999999999
0.053529049999999995
0.98577425
0.5002132
0.056205099999999994
0.47659219999999997
0.5476553
0.2500882
0.29385144999999996
0.1166261
0.2500882
0.38278209999999996
0.39307115
0.20387429999999998
1.8479786999999999
0.3643131
0.357788
0.042443049999999996
2.28802045
0.042443049999999996
1.00013775
0.3859698999999999
0.53518585
1.3786165499999998
0.400315
0.7376031
0.84837685
0.11609134999999998
0.0788394
0.2376912
0.11609134999999998
0.27268224999999996
0.31352679999999994
0.31507814999999995
0.20073135
0.31352679999999994
0.3353055
0.17413069999999997
0.14655369999999998
0.13818285
0.1378965
0.21359295
0.17413069999999997
1.9145464499999998
0.6201144999999999
0.306222
0.21002335
0.2858302
0.306222
1.0662684999999998
0.36391864999999995
1.0662684999999998
0.5748298
0.28515975
0.29286819999999997
0.19085629999999998
0.39522279999999993
0.061608949999999996
0.7807039499999999
1.1612308999999998
0.061608949999999996
0.32478989999999996
0.3730554
0.12482675
0.36485589999999996
0.18631034999999996
0.15439899999999998
0.12526145
0.055492099999999996
0.10618409999999999
0.1121595
0.0806817
0.134757
0.33702705
0.39728245
0.23233794999999996
0.25287234999999997
0.22494574999999997
0.08855575
0.05367855
0.34213765
3.49816085
0.18171494999999996
0.22064245
0.213325
0.36168649999999997
0.33592189999999994
0.38268664999999996
0.1876478
0.08983799999999999
0.1717502
0.2510174
0.5991925499999999
0.38268664999999996
0.17529565
3.6275255
0.27475914999999995
0.21606199999999998
0.22985049999999999
0.0748696
0.26396065
0.34167305
0.8003148999999999
0.25380845
0.24232339999999997
0.2418427
0.25380845
0.2180469
0.09981654999999999
0.20948514999999998
0.16506754999999998
0.8220682999999999
0.0705387
1.3369474499999998
0.3184074
0.15135495
0.3687843
0.3667833
0.14379139999999999
0.30739959999999994
0.1295521
0.2109284
0.14379139999999999
0.33625999999999995
0.33814944999999996
0.09516939999999999
0.8354048499999999
0.029545799999999997
0.0639515
0.22400045
0.06345585
0.12064649999999999
0.029545799999999997
0.0500457
0.36603694999999997
0.3821151
0.09711634999999999
0.13318034999999998
0.22588644999999996
0.22773335
0.22586805
0.14756569999999997
0.36432115
0.22200635
0.22586805
2.3062997
0.14655369999999998
0.09777759999999999
0.09762694999999999
0.14498394999999997
0.055379399999999995
0.36171064999999997
0.1313553
0.2326772
0.22688809999999998
0.2326772
0.039208099999999996
0.1533318
0.12703014999999998
0.21718554999999998
0.039208099999999996
0.20981289999999997
0.26824669999999995
0.02100015
0.26617094999999996
0.5798173499999999
0.1729991
2.2790999
0.5798173499999999
0.22010999999999997
0.23656765
0.32425745
0.0953511
1.1491996
0.22010999999999997
0.22194999999999998
0.22116454999999996
0.22194999999999998
0.16330689999999998
0.11516559999999999
0.1593969
0.1853501
0.22200635
0.11857649999999999
0.2188542
0.11857649999999999
0.24678424999999998
0.21744429999999998
0.21805034999999998
0.21744429999999998
0.21717749999999997
0.5482279999999999
0.37024594999999993
0.2012638
0.2448396
1.1042461
0.33412675
0.2012638
0.18607574999999998
0.06629175
0.1464295
0.19673854999999998
0.05186154999999999
0.08663064999999999
0.11368094999999999
0.06970035
0.08663064999999999
0.2465508
0.10373919999999999
0.055217249999999996
0.0835498
0.15979595
0.5684542
0.11043449999999999
0.26456094999999996
0.05450194999999999
0.2658731
0.048471349999999996
0.34870759999999995
0.0544525
0.3107714
0.48282635
0.19594045
0.27537095
0.2735873
0.28682034999999995
0.27537095
0.25060455
0.0662883
0.15746719999999997
0.21752939999999998
0.036032949999999994
0.20089694999999996
0.3297602
0.17724834999999997
0.12596524999999997
0.22870049999999997
0.23204239999999998
0.22889024999999996
0.14301055
0.22870049999999997
0.4993139
0.6127832499999999
1.14793575
0.5268805499999999
0.4993139
0.39630839999999995
0.3629676
0.20401344999999999
1.2863232999999998
0.39630839999999995
0.35899204999999995
0.2511945
0.17627545
0.35899204999999995
0.36780794999999994
0.33880839999999995
0.37270349999999997
0.0426167
1.1646533
0.78532925
1.3186889
1.78073475
0.23157204999999997
0.15449099999999996
0.1248739
1.99156655
0.09772239999999999
0.15139979999999997
0.11596599999999999
0.34394545
0.3194746
0.40780149999999993
0.32595715
0.32941175
0.16706854999999998
0.06309245
0.8854884999999999
0.16831399999999996
0.20374549999999997
0.20374549999999997
0.35875514999999997
0.1179808
0.0489417
0.36036054999999995
0.31352104999999997
1.4291452499999997
0.15153204999999997
0.22924674999999997
0.4615157
0.18086739999999998
0.45495264999999996
0.6098197
0.14090719999999998
0.21363664999999998
0.3964107499999999
0.14618455
0.06288774999999999
0.5291794
0.36760555
0.1758971
0.16400954999999998
0.1758971
1.1257453499999999
0.31709985
0.3022407
0.19561269999999997
0.14516335
0.31709985
0.23357075
0.2357086
0.28067705
0.23452525
0.2357086
0.26285549999999996
0.13805175
0.13612435
0.2608453
0.06258414999999999
0.26285549999999996
0.1930666
0.06448625
0.6518061999999999
0.31163044999999995
0.06448625
0.10880609999999999
0.1007653
0.3247968
0.39058255
0.0861695
0.06265085
0.30341484999999996
0.026246449999999998
0.070035
0.12925425
0.06706915
0.1629849
0.18679449999999997
0.33191185
1.1612308999999998
0.06706915
0.26282445
0.2144865
0.0507817
0.032134449999999995
0.29222879999999996
0.20441824999999997
0.034864549999999994
0.201779
1.31904195
0.09930939999999999
0.21170119999999998
0.37626275
0.37369824999999995
0.2175524
0.21695094999999998
0.2175524
0.1121894
0.4175535
0.28107839999999995
0.29070619999999997
0.31801524999999997
0.6337707499999999
0.08621894999999999
0.31708145
0.32370889999999997
0.33983535
0.10517554999999999
0.10498695
0.33929715
0.49171699999999996
0.10275134999999999
0.39333105
0.22516655
0.21714414999999998
0.21743164999999998
0.22516655
0.21735805
0.21919229999999998
0.2027588
0.21735805
0.24436465
0.22510675
0.24439914999999995
0.24436465
0.36933055
0.0393231
0.3680138
0.04599655
0.9883410499999999
0.27505124999999997
0.6022618999999999
0.32502909999999996
0.33347584999999996
0.21637365
0.110354
0.19590825
0.35953484999999996
0.12611819999999999
0.061924049999999994
0.1261435
0.09215525
0.11436059999999999
0.6769854499999999
0.24080769999999999
0.47181739999999994
0.6170186999999999
0.1857319
0.35440699999999997
0.23470234999999998
0.2308487
0.23470234999999998
0.23148004999999997
0.35041764999999997
0.10444874999999999
0.09322934999999999
0.36170145
0.36478229999999995
0.06829505
0.20098549999999998
0.063779
0.31805549999999994
0.16065154999999998
0.176525
0.23357075
0.28336805
0.16065154999999998
0.2042147
0.37141549999999995
1.74201195
0.2993703
0.14776119999999998
0.14765425
0.21134009999999998
0.21910834999999998
0.7476644499999999
0.1610644
0.22736649999999997
0.3724574
0.29572365
0.29076254999999995
0.27906014999999995
0.27043975
0.6084856999999999
0.25440415
1.07010835
0.26660449999999997
0.21337789999999998
0.22859929999999998
0.21337789999999998
0.09242204999999999
0.09402055
0.15851714999999997
0.1295521
0.60817175
1.87627905
0.7279350499999999
0.21393104999999998
0.22014105
0.21714414999999998
0.21393104999999998
0.3630343
0.022871199999999998
0.05553924999999999
0.35906564999999996
0.3671835
0.39760329999999994
0.3671835
1.01268655
2.34722475
0.05189605
0.23268869999999997
0.06288774999999999
0.05189605
0.040749099999999996
0.2797996
0.38518789999999997
0.16481915
0.11630639999999999
0.38518789999999997
0.34018954999999995
0.19220525
0.18525235
0.36519284999999996
0.26025075
0.23374669999999997
0.2095093
0.62243175
0.26025075
0.85906725
0.21497409999999997
2.1985044499999997
0.21365389999999998
0.37224809999999997
0.2734217
0.32969694999999993
0.0754055
0.10733179999999999
0.5316622499999999
0.2027588
0.04522835
0.128317
0.1270497
0.1330297
0.18685314999999997
0.32989704999999997
0.32868264999999997
0.12549605
0.1330297
0.3283641
0.24750299999999997
0.24619889999999997
0.17518755
0.1671594
0.0849022
0.15181954999999997
0.054332899999999996
0.037004699999999995
0.33599319999999994
0.06687135
0.1052457
0.201871
0.08547949999999999
0.039882
0.043685049999999996
0.26179519999999995
0.07774344999999999
0.05554614999999999
0.27875655
0.06727269999999999
0.00706675
0.23610879999999998
0.08284714999999998
0.8172198999999999
0.9663933
0.13920405
0.0869354
1.517563
0.11317379999999999
0.31472164999999996
0.2886615
0.45833824999999995
0.2973417
0.2886615
2.08922455
0.15164244999999998
0.09540169999999999
0.0972854
0.11314505
1.9032959999999999
2.08922455
0.34033905
0.3396915999999999
0.1973285
0.1850005
1.00714815
0.0531001
0.22630964999999997
0.051958149999999995
1.00714815
0.26067165
0.17734379999999997
0.17632259999999997
0.321885
0.32916795
0.20179394999999997
0.051958149999999995
0.20231259999999998
0.09821574999999999
0.21717749999999997
0.20179394999999997
0.2284222
0.29972909999999997
0.6140862
1.3049061499999999
0.5205474999999999
0.18375964999999997
0.12768795
0.1351388
0.18375964999999997
0.12879654999999998
0.2418749
0.06995104999999999
0.17119474999999998
0.05198919999999999
0.35979015
0.36771019999999993
0.4080154
0.2658616
0.26263929999999996
0.20086015
0.03529925
0.09784774999999998
0.2031429
0.20086015
0.21831945
0.10599665
0.14075425
0.19898909999999997
0.10599665
0.21149419999999997
0.13548955
0.014403749999999998
0.04368045
0.13847265
0.16446495
0.07900615
0.16446495
0.23032659999999996
0.206954
0.18183685
0.08948609999999999
0.20454819999999999
0.20368799999999998
0.18141249999999998
0.36602199999999996
0.10509045
0.3686532
0.26137085
0.9422018999999999
0.2637893
0.26252889999999995
0.25663284999999997
0.26631584999999997
3.6275255
0.1549326
0.16021685
0.06749119999999999
0.24864494999999998
0.1549326
0.06309245
0.13308604999999998
0.12458294999999998
0.336996
0.33862785
0.3381207
0.18525235
0.13308604999999998
1.6387545999999997
0.16792644999999998
0.2306716
0.16400954999999998
1.6387545999999997
0.29153765
0.24599649999999998
0.37297949999999996
0.16893845
0.075072
0.3648018499999999
0.24594129999999997
0.23454249999999996
0.24594129999999997
0.22889024999999996
0.38460254999999993
0.8013407
0.26609045
0.2604497
0.39342995
0.31655474999999994
0.39342995
0.62243175
0.38800769999999996
0.22962855
0.38800769999999996
0.678937
0.36348164999999993
0.36280545
0.08605564999999998
0.26824325
0.0501998
0.339802
0.3629676
0.43013565
0.26046925
0.28504359999999995
0.25768854999999996
0.13899475
0.34677905
0.45291944999999995
0.25303335
0.21640009999999998
0.061432999999999995
0.21700039999999998
0.1729991
0.50455215
0.06277504999999999
0.08155225
0.19247779999999998
0.04778249999999999
1.713546
0.6735918
0.19996775
1.1747387999999999
0.18066269999999998
0.5188305499999999
0.48306784999999997
1.4484238499999997
4.4120577999999995
0.74183395
1.4484238499999997
0.30540205
0.34744719999999996
0.10867845
0.09095579999999999
0.29912764999999997
0.33959844999999994
0.2989011
3.0028086999999997
0.159367
0.08082774999999999
0.28589804999999996
0.11856269999999998
0.09981654999999999
0.2542351
0.2593894
0.1325973
0.2542351
0.28924684999999994
0.0639515
0.28924684999999994
0.30628294999999994
0.409676
0.09515444999999999
0.09503255
0.5297406
1.8580032499999999
0.2902577
0.36516295
0.33032599999999995
0.11393624999999999
0.43755659999999996
0.11393624999999999
1.4084395
0.1302651
0.130272
0.38236465
0.3825015
0.3729472999999999
0.3330354
0.4245501
0.09246114999999999
0.33211539999999995
0.0373934
0.10086649999999998
0.20073135
0.24990534999999997
1.24715315
0.30762269999999997
0.2409802
0.09202529999999999
0.19614169999999997
0.33043409999999995
0.13920405
0.16232364999999999
0.06749119999999999
0.16218565
0.44438645
0.14489885
0.50590685
0.94709745
0.94709745
0.1697929
0.32287055
0.35807895
0.22871429999999998
0.34586595
0.054923999999999994
0.22382104999999997
0.35731765
0.07945925
0.27951095
0.28271025
0.28331055
0.27951095
0.0524009
0.0683997
0.20563725
0.38309604999999997
0.20563725
0.33702819999999994
0.45651319999999995
0.08726199999999999
0.62904425
0.7291092
0.0343758
2.64527945
0.09617564999999999
0.13228795
0.42391414999999993
0.0841455
0.18330079999999999
0.09617564999999999
0.1999183
0.38815259999999996
0.20822475
0.1999183
0.2653257
0.26656654999999996
0.37830054999999996
0.2653257
0.2393518
0.23197569999999998
0.2393518
0.22668569999999996
0.2685319
0.26664475
0.2685319
0.2708779
0.18660244999999998
0.29432985
0.18660244999999998
0.18363659999999998
0.2400211
0.0875817
0.2400211
0.23166864999999998
0.03317175
0.28118879999999996
0.85906725
2.7928186999999998
0.3739305499999999
0.03473345
0.3369316
0.34292654999999994
0.50171855
0.239637
0.8775396999999999
0.36340229999999996
1.0925597999999999
0.6053715
0.24900489999999997
1.0925597999999999
0.18530409999999997
0.19870044999999997
0.05850395
0.18530409999999997
0.21746499999999996
0.21714414999999998
0.18405404999999997
0.22126229999999997
0.21746499999999996
0.3862228999999999
0.34613619999999995
0.03901605
0.19126569999999998
0.34266664999999996
0.37181455
0.36909824999999996
0.16379449999999998
0.16636474999999998
0.42334144999999995
1.9616791999999998
0.10105624999999999
0.39694319999999994
1.0210091
0.6546650999999999
0.24216584999999996
0.6546650999999999
0.3072938
0.26304065
0.0676476
0.3632022
0.3666522
0.1342947
1.08651425
0.18905769999999997
0.1276569
1.08651425
0.1453117
0.13326315
0.35768564999999997
0.10833575
0.36502494999999996
0.1861666
0.36079294999999995
0.22045155
0.4200398
0.32398259999999995
0.31588429999999995
0.07615414999999999
0.32398259999999995
0.211255
0.08947345
0.5566149499999999
0.34566814999999995
0.013694199999999998
0.9663933
1.517563
0.44233714999999996
0.38251415
0.17891239999999997
0.42946979999999996
0.31647079999999994
0.32581224999999997
0.30164845
0.31647079999999994
0.36077454999999997
0.05494585
0.025718599999999998
0.36398189999999997
0.14505064999999998
0.49756245
1.8511688
0.42506069999999996
0.20137305
0.1984532
0.19836695
0.08798305
0.22014105
0.1984532
0.60588555
0.22962855
0.28165454999999995
0.40830749999999993
0.30642785
0.20440904999999998
0.35750279999999995
0.23727489999999998
0.23625944999999995
0.3613415
0.12520625
0.36719844999999995
0.34388565
0.36322865
0.35793634999999996
0.17070829999999998
0.3514124
0.03599615
0.44382409999999994
0.5516377499999999
4.58318815
0.5784408
0.5182405999999999
0.17858809999999997
0.28586354999999997
0.32671615
0.29717379999999993
0.28817159999999997
0.11754379999999999
3.53103245
0.047259249999999996
0.0460506
0.22407059999999998
0.34488385
0.35639304999999993
0.18941419999999998
0.10419919999999999
0.33581955
0.23038639999999996
0.19374739999999996
0.33739389999999997
1.6337877499999998
0.19374739999999996
0.18429785
0.33990205
0.14491609999999996
0.16181995
0.21622184999999997
0.48191554999999997
0.31449855
0.25323344999999997
0.06737159999999999
0.36823459999999997
0.21649554999999998
0.20095675
0.3624616
0.36389679999999996
0.2708043
0.34815789999999996
0.37517025
0.8607083
0.18322259999999999
0.34815789999999996
0.49347879999999994
0.14756569999999997
1.3260949
0.09515444999999999
0.7470273499999999
0.36259155
0.08273444999999999
0.0299299
0.056341949999999995
0.14437559999999997
0.30762269999999997
0.33976519999999993
0.32050844999999994
0.33976519999999993
0.1618556
0.38829864999999997
0.36901315
0.05790939999999999
0.2383214
0.08847524999999999
0.0825263
0.27661985
0.4422946
0.07959494999999998
0.18775014999999998
0.14618685
0.07959494999999998
0.1279398
0.23032659999999996
0.22169585
0.23871814999999996
0.25288384999999997
0.23871814999999996
0.17739785
0.3625651
0.3674986
0.3456049
2.8475955
0.10741919999999999
0.36149444999999997
0.17503115
0.3203877
0.27037764999999997
0.1325973
0.27037764999999997
0.29385144999999996
0.0498847
0.3645465499999999
0.0190716
0.28596245
0.09348005
0.2381673
0.11382469999999999
0.07724549999999998
0.36149444999999997
0.07537445
0.36125524999999997
0.5214468
0.423545
1.99898175
2.1761599499999997
0.3513434
0.47751219999999994
0.25455134999999995
0.03600534999999999
0.21415759999999998
0.3661508
0.30955354999999996
0.28405345
0.3661508
0.1315163
0.1531087
0.30215214999999995
0.23930005
0.23744279999999998
0.16092984999999999
0.15932444999999998
0.23930005
0.16650274999999998
0.40845355
0.39082519999999993
0.37134534999999996
0.2556864
0.40845355
0.52162965
0.17100844999999998
0.83411225
0.52162965
0.47393339999999995
0.12811575
0.13530094999999998
0.25841074999999997
0.12811575
0.1270888
0.26082
0.09958195
0.15139979999999997
0.09951294999999999
0.14126139999999998
0.09958195
0.08385569999999999
0.1415466
0.15164244999999998
0.22370835
0.23204239999999998
0.36735369999999995
0.36120925
0.23388584999999998
0.23378119999999997
0.2316836
0.23388584999999998
0.09981425
0.062974
0.03216665
0.09935195
0.11538869999999998
0.09981425
0.20309804999999997
0.3603456
0.42427869999999995
0.33151854999999997
0.13812765
0.10911429999999998
0.5083298999999999
0.04939135
0.21474295
0.36110574999999995
0.35876895
0.07832765
0.055167799999999996
0.25317939999999994
0.35932554999999994
0.3044763
0.25317939999999994
0.25014454999999997
0.1633276
0.055065449999999995
0.30611389999999994
0.43149034999999997
0.1619706
0.09586515
0.27811254999999996
1.8511688
0.1619706
0.1624329
0.1850005
0.09322934999999999
0.34605224999999995
2.98716525
0.11491259999999999
0.06705649999999999
0.1048455
2.98716525
0.31333589999999995
0.32730265
0.3107714
0.31333589999999995
0.17864445
0.178457
0.68438455
1.4086303999999998
0.08271605
0.24789975
0.25012039999999996
0.24789975
0.24527659999999998
0.23835245
0.7114267999999999
0.48085754999999997
1.48628415
0.17525195
0.40749905
0.17525195
0.34929869999999996
0.3496747499999999
0.32595484999999996
0.33649
0.04170935
0.2748477
0.04826319999999999
0.04170935
0.14721035
0.07797345
0.30866459999999996
0.3557663
0.33051345
0.2262349
0.18593429999999997
0.11066104999999998
0.22746884999999997
0.22462259999999998
0.38644484999999995
0.37500579999999994
0.36589664999999993
0.38644484999999995
0.18174255
0.36550334999999995
0.3606147
0.07443145
0.3606147
0.32929215
0.2282658
0.54761275
0.027137699999999997
0.07045934999999999
0.12625735
0.1691696
0.09586859999999998
0.10120575
0.28246645
0.07365519999999999
0.1691696
0.18877594999999997
0.18905539999999996
0.19677535
0.18877594999999997
0.21695094999999998
0.297482
0.06350415
0.17044265
0.31449855
0.21433469999999996
0.27126085
0.3664843
0.27126085
0.26192515
0.12964294999999998
0.5618658499999999
0.12964294999999998
0.09234614999999999
0.24171389999999998
0.37500579999999994
0.36322865
0.34276095
0.34369934999999996
0.0674406
0.8339029499999999
0.24903019999999998
1.3276761499999998
0.11336469999999998
0.39017545
0.19077005
1.0339304999999999
0.15967404999999998
0.18656105
0.48349794999999995
1.0339304999999999
0.3136234
0.24441179999999998
0.40847654999999994
0.3131151
0.32050844999999994
0.30754564999999995
0.19836695
0.30754564999999995
0.30702009999999996
0.25330244999999996
0.25468244999999995
0.25615905
0.25330244999999996
0.11044139999999998
0.20973814999999996
0.24990649999999998
0.3172735
0.6822524499999999
0.25103925
0.2576023
0.25863729999999996
0.24014185
0.2576023
0.21155055
0.045812549999999994
0.19870044999999997
0.21155055
0.1450334
0.1285424
0.09159519999999999
0.8195060999999999
0.29972564999999995
0.29201029999999994
0.31116699999999997
0.09159519999999999
0.22076205
0.19817374999999998
0.1055976
0.31660764999999996
0.10492715
0.37018154999999997
0.16767229999999997
0.16995734999999998
0.2394415
0.24014185
0.10563784999999999
0.059450399999999994
0.13612435
0.12644365
0.04348955
0.15774549999999998
0.4983594
0.3048017499999999
0.33521005
0.4378832
0.17572344999999998
2.12242965
0.3001868
0.14568774999999998
0.57999675
0.09941174999999998
0.48747925
0.10029149999999999
0.09941174999999998
0.11127284999999999
0.28329329999999997
0.6186171999999999
3.53103245
0.32453574999999996
0.25469395
0.4868548
0.36676834999999997
0.36361964999999996
0.33509849999999997
0.05569794999999999
0.26242424999999997
0.24472804999999997
0.25973785
0.26242424999999997
0.33889924999999993
0.23306934999999998
0.1195126
0.23628015
0.0840696
0.25251239999999997
0.26709554999999996
0.15688185
0.3353055
0.28405345
0.18845049999999997
0.29694495
0.32964865
0.34043795
0.23051175
0.5335953999999999
0.3424308999999999
0.32964865
0.1289265
0.25362215
0.47393339999999995
0.43179739999999994
0.25362215
0.39121965
0.3082
0.3016105
0.20976805
0.11924119999999999
0.17651349999999996
0.12087649999999998
0.11933434999999999
0.7650087499999999
0.19762405
0.9422685999999999
0.16689605
0.09379629999999999
0.25831414999999996
0.30209349999999996
0.2586534
0.25831414999999996
0.10486849999999999
0.21733849999999996
0.10491565
0.28404424999999994
0.10481099999999999
0.10486849999999999
0.2116322
0.20087855
0.2116322
0.41886335
0.2339583
3.1955969999999994
0.21551689999999998
0.36477194999999996
0.39418895
0.21665885
0.21591249999999998
1.24900005
0.1751036
0.49987164999999995
0.22280329999999998
0.35304769999999996
0.4477962
0.19214199999999998
0.20368799999999998
0.13593115
0.11998294999999999
0.19214199999999998
0.8521339
0.3610655
0.059336549999999995
0.36183715
0.26180784999999995
0.2760782
0.24357114999999996
0.26180784999999995
0.053788949999999995
0.11253209999999998
0.053788949999999995
0.027399899999999998
0.25440415
0.33428545
0.3669328
1.15815925
0.28501485
0.36246734999999997
0.24445204999999998
0.24439914999999995
0.96900035
1.1497757499999999
0.21871619999999997
0.38732115
0.3852373499999999
0.38576979999999994
0.38732115
0.7562664499999999
0.8183066499999999
0.39368755
0.0325059
0.8918732999999999
0.30599429999999994
0.30855535
0.3642878
0.15565364999999998
0.30599429999999994
0.21718094999999998
0.21831945
0.21718094999999998
0.21775019999999998
0.27268224999999996
0.2477123
0.38097315
0.39128175
0.26998205
0.24878984999999998
0.26998205
0.26644465
0.10223385
0.18125724999999998
0.22472265
0.18311335
0.1755176
0.52187575
0.17847079999999999
0.2282888
0.26046579999999997
0.25630509999999995
0.2282888
0.25479514999999997
0.48771729999999996
0.35553399999999996
0.8664640499999999
0.35660809999999993
0.08942744999999999
0.5105022499999999
0.5901972499999999
0.10939489999999999
0.09935195
0.10939489999999999
0.1092201
0.5529246
0.39531249999999996
0.3873614
0.35355369999999997
0.3852373499999999
0.3873614
0.41724415
0.30065139999999996
0.20963925
0.21265454999999997
0.41724415
0.19072404999999998
0.38821585
0.18415754999999998
0.38204954999999996
0.05519539999999999
0.554323
0.25876724999999995
0.12769945
0.20634219999999998
0.48364859999999993
0.44278909999999994
0.5289448
0.24063289999999996
0.71666965
0.10233849999999999
0.36355869999999996
0.35636545
0.13854049999999998
0.26181475
0.12644365
0.13854049999999998
0.2735873
0.27929705
0.08143494999999999
0.6123266999999999
2.5482229
0.21718439999999997
0.21714184999999997
0.21727179999999996
0.21718439999999997
0.12526145
0.06979004999999999
0.03166065
0.04635535
0.58327195
0.7843505999999999
0.15887364999999998
0.58615845
0.35757985
0.35619639999999997
0.27085719999999996
0.26527049999999996
0.27085719999999996
0.2604221
0.0157665
0.10744909999999999
0.016167849999999998
1.122124
0.97311045
0.7013263499999999
0.76463385
0.3620614
0.3552602999999999
0.35896675
0.18383899999999997
0.18383899999999997
0.18363659999999998
0.18383899999999997
0.29797074999999995
0.2944023
0.2997061
0.29797074999999995
0.11725284999999998
0.18624824999999998
0.11221584999999999
0.07393925
1.1911906999999997
0.37567049999999996
0.35737284999999996
0.16924319999999998
0.24048914999999998
0.16924319999999998
0.26991765
0.77076565
0.6099692
0.58622515
0.2172005
0.21798019999999999
0.2172005
0.21897379999999997
0.2546215
0.15447605
0.3465387
0.2777342
0.2022597
0.18593429999999997
0.29218855
0.6434422499999999
0.6943423999999999
0.07848405
0.7807039499999999
0.02112205
0.20298304999999997
0.2708779
0.26809259999999996
0.15967404999999998
0.1714259
0.34269999999999995
0.42986769999999996
0.18044419999999997
0.34384424999999996
0.35268544999999996
0.24532949999999998
0.22200174999999997
0.24014069999999998
0.24532949999999998
0.20751289999999997
0.19485829999999998
0.023819949999999996
0.16997344999999997
0.07250634999999998
0.21877599999999997
0.21775019999999998
0.21702454999999998
0.21877599999999997
0.37404899999999996
0.0531001
1.38446315
0.23500595
0.09528555
0.08219165
0.08983799999999999
0.09331559999999998
0.09112024999999999
0.09528555
0.22954
0.42331269999999993
0.47978344999999994
0.29080395
0.42331269999999993
0.1313576
0.3642878
0.29233919999999997
0.26456555
1.99156655
1.1491996
0.0972854
0.28313
0.37134534999999996
0.38610675
0.0342033
0.20345569999999996
0.22169585
0.9706310499999999
0.21576415
0.2495017
0.20606849999999996
0.31966205
0.3873614
0.2495017
0.78532925
0.98577425
0.18916349999999998
2.9858301
0.050498799999999996
0.1012713
0.1929792
0.9342588499999999
1.2477775999999998
0.36378639999999995
0.12402404999999998
0.09779715
0.2018411
0.12402404999999998
0.37620525
0.3876052
0.1767274
0.036659699999999996
0.14618685
0.1767274
0.07971225
0.23377659999999997
0.2760782
0.33649805
0.8403222499999999
0.3952940999999999
0.030534799999999997
0.12133994999999999
0.07955124999999999
0.2078786
0.67049025
0.0709711
0.23491394999999998
0.0053636
0.6257793999999999
0.7729437499999999
0.23463104999999995
1.4535608999999998
0.36826564999999994
0.13276749999999998
0.3662175
0.5390233999999999
0.37585335
0.3578087
0.225262
0.10886475
0.41370904999999997
0.25815889999999997
0.225262
0.13847725
0.1364222
0.24121364999999997
2.28802045
0.9232119499999999
0.33332865
0.1758902
4.37760035
0.4507516999999999
0.68568175
1.8655506999999998
0.054613499999999995
0.09427814999999999
0.39877514999999997
0.24251544999999997
1.38993715
0.16840025
0.13765039999999998
0.29585589999999995
0.3120157
0.2996417
0.29585589999999995
0.25114044999999996
1.2674127
0.1500635
0.33231204999999997
0.14451819999999999
0.47984094999999993
1.8001812499999998
0.42344034999999997
0.3273521
0.30343555
0.32474274999999997
0.3273521
0.0769005
1.4086303999999998
0.4806286999999999
0.20822475
0.20387429999999998
0.22608539999999996
0.07393925
0.07569645
0.3295877
0.057594299999999994
0.06075335
0.37574755
0.16547694999999998
0.13194525
0.14524959999999998
0.22813584999999997
0.16547694999999998
0.0972854
0.9174619499999999
0.15827565
0.78165615
0.32494285
0.30930169999999996
1.1447858999999998
0.18429785
0.33995839999999994
0.38309604999999997
0.07418075
0.02496765
0.6734388499999999
0.365378
0.2477123
0.2520984
0.365378
0.23377659999999997
0.23130294999999998
0.18738905
0.09888504999999999
0.4424855
0.47184155
0.16235814999999998
0.9422685999999999
0.19762405
0.13593115
0.37057484999999996
0.35457145
0.5629813499999999
0.21520984999999998
0.56987215
0.35457145
0.11177999999999999
0.18063509999999997
0.266202
0.11177999999999999
2.2551292999999997
0.20026214999999997
0.25381879999999996
0.0997602
0.09268654999999999
0.29404234999999995
0.3072547
0.24857939999999998
0.1370823
0.26091315
0.26646994999999996
0.41246589999999994
0.34953559999999995
1.0137215499999999
0.21845514999999996
0.21646795
0.21845514999999996
0.20882504999999998
0.28082195
0.2980374499999999
0.28082195
0.27690044999999996
0.17527494999999998
0.21976499999999996
0.17527494999999998
0.30204519999999996
0.14387075
0.3362968
0.21632305
0.39360244999999994
0.04293179999999999
0.36707195
0.09727045
0.22510675
0.2492602
0.04293179999999999
0.12118239999999998
0.22266299999999997
0.02574505
0.2937146
0.2339537
0.1425793
0.1993111
0.19981594999999996
0.2270284
0.1993111
0.34585099999999996
0.21485105
0.2985285
0.2241879
0.24562504999999998
0.13812765
0.31209044999999996
0.8661202
0.9169525
0.43666305
0.6067618499999999
0.7231476
0.1049904
0.19658675
0.04668194999999999
0.26485649999999994
0.33376564999999997
0.10600929999999999
0.17438025
0.1238044
0.07981345000000001
0.01666005
0.07761694999999999
0.18624824999999998
0.0344793
0.21287535
0.14741849999999998
0.2180239
0.30912115
0.23583049999999997
0.2194706
0.4627347
0.3545277499999999
0.57079675
1.4181662
0.40528759999999997
0.07800335
0.2497892
0.08621894999999999
0.10105624999999999
0.20546014999999998
0.07800335
0.26527854999999995
0.33649805
0.09551555
0.13571609999999998
0.33816094999999996
1.4675621499999998
1.27646435
0.07814365
0.11991165
0.3842817
0.1179509
0.07502714999999999
0.1269186
1.2924666
0.23021965
0.4241165499999999
0.23021965
0.23166864999999998
0.2716668
0.25708939999999997
0.04463954999999999
0.04280185
0.05337035
0.22133014999999998
0.12129394999999998
0.04198765
0.21576989999999996
0.063066
0.13327465
0.18248429999999996
0.36237994999999995
0.32350189999999995
0.31317375
0.26910805
1.93515215
0.2485104
0.2997061
0.26910805
0.16803225
0.21485105
0.302335
0.16803225
0.16538034999999998
0.044583199999999996
0.27349875
0.35850905
0.3941947
0.08676634999999999
0.2573332
0.2043642
1.2863232999999998
0.6743163
0.26360415
0.29563395
0.38362159999999995
0.17820744999999996
2.3381121499999997
0.43580515
0.1553328
0.1179509
0.16521589999999997
0.1553328
0.26055435
0.7254924499999998
0.31754259999999995
0.293135
0.2205769
0.31754259999999995
0.3001017
0.2738679
0.3646799499999999
0.35998449999999993
0.41917039999999994
0.39082519999999993
0.41917039999999994
0.6743163
0.37875479999999995
0.32284985
0.41082255
0.0506897
0.21230264999999998
0.7457531499999999
0.32387449999999995
0.1305756
0.21230264999999998
0.021968449999999997
0.1202348
1.5441820499999999
1.33098355
0.4737862
0.025584049999999997
0.15499355
0.16942949999999998
0.0997602
0.1697929
0.33944435
0.29329715
0.2205769
0.20333495
0.1166261
0.29329715
0.16873719999999998
0.10750774999999999
0.4085340499999999
0.18441744999999998
0.09331559999999998
0.14504834999999996
0.1111383
0.1415466
0.2786933
0.26917474999999996
0.2316836
0.23452525
0.22382219999999997
0.21743164999999998
0.36903154999999993
0.15367335
0.0817075
0.22793804999999998
0.6159699
1.6616361499999999
0.49756245
0.45219724999999994
0.297482
0.128317
0.06192174999999999
0.26898845
1.32633065
0.06192174999999999
1.12494955
0.36531244999999996
0.12396425
1.9573275999999997
0.33122759999999996
0.22605089999999997
0.6738493999999999
0.21919229999999998
1.0823041
0.3198679
0.06328564999999998
0.38412185
0.38533164999999997
0.7476644499999999
0.23409399999999997
1.1911906999999997
1.38446315
0.2534416
0.11538869999999998
0.24920384999999998
0.2541523
0.32908859999999995
0.32581224999999997
0.9364174
0.13183255
0.32908859999999995
0.0539787
0.38738095
0.1575431
0.057594299999999994
0.33720529999999993
0.036659699999999996
0.07774344999999999
0.17825115
0.0847274
0.21991335
0.038147799999999996
0.3404
0.21670369999999997
2.8868265999999996
0.14022064999999997
0.36319529999999994
0.4626818
0.5618658499999999
0.33889579999999997
0.10494555
0.16021685
0.17223894999999997
0.2947197
0.29325344999999997
0.3284814
0.05283905
0.05554614999999999
0.36108619999999997
0.22118985
0.10387949999999999
0.10960305
0.22200174999999997
0.2395772
0.22118985
0.321218
0.31716885
0.36778725
0.91755625
0.7440476999999999
0.27671415
0.7440476999999999
1.8952528999999998
0.36567239999999995
0.10345974999999999
0.10069054999999999
1.3494537
0.2029819
0.06691045
0.03688855
0.01453025
0.065136
0.0371749
0.27273169999999997
0.27434284999999997
1.0322837
0.065136
0.30643705
0.3041865
0.28492055
0.30643705
0.4181308
0.35601354999999996
0.20606849999999996
0.07615414999999999
1.7313514499999998
0.35914844999999995
0.11314505
0.3221633
0.28113934999999995
0.13805175
0.27882209999999996
0.28113934999999995
0.54602805
0.24581594999999998
0.2119312
0.40810165
0.9740293
0.08284485
0.23128684999999996
0.22688809999999998
0.0953511
0.23128684999999996
0.22859929999999998
0.565317
0.19724799999999998
0.565317
0.17310374999999997
1.0742885999999998
0.22878215
0.11647199999999999
0.6318571499999999
1.0742885999999998
0.15447605
0.05224449999999999
0.06979004999999999
0.33663259999999995
0.35493484999999997
0.1865001
0.3655102499999999
0.3526785499999999
0.33573099999999995
0.12549605
0.13530094999999998
0.35673459999999996
0.14833734999999998
0.21016019999999996
0.3454692
0.40283694999999997
0.36391864999999995
0.3401102
0.40283694999999997
0.3526222
0.22637749999999998
1.4084395
0.17987034999999998
0.18096169999999998
0.2988252
0.33694079999999993
0.4302322499999999
0.38305465
0.9151297499999999
0.09130424999999999
0.031049999999999998
0.013694199999999998
0.18217379999999997
0.28331055
0.2844594
0.032428849999999995
0.07496504999999999
0.1421837
0.032428849999999995
0.15834695
0.04826319999999999
0.15774549999999998
0.42486635
0.28383725
0.5787409499999999
0.8004241499999999
0.42486635
0.29514979999999996
0.29418955
0.39161984999999994
0.3889438
0.22030779999999997
0.19347255
3.53103245
0.11541169999999999
0.11484359999999999
0.21299494999999996
1.36096175
0.36778725
0.10175315
0.17847424999999997
0.2109284
0.17847424999999997
0.14737135
0.0972854
0.1378965
0.35286599999999996
1.6417629999999996
0.42026749999999996
0.48951245
0.1661819
0.5171734
0.25401199999999996
0.18019119999999997
1.14793575
0.53809305
0.6518061999999999
0.59016735
0.3859698999999999
0.14955519999999997
0.16124955
0.7711807999999999
0.39121965
0.14955519999999997
0.060745299999999995
0.17776584999999998
0.263511
0.26446435
0.11749319999999998
0.30686024999999995
0.36162094999999994
0.07640599999999999
0.0365309
0.3049087
0.07268
0.08892145
0.0365309
0.22396825
0.037833849999999995
0.2326703
1.6316429999999997
0.35578814999999997
0.32721524999999996
0.24853224999999998
0.6318571499999999
0.24853224999999998
0.2510887
0.11786464999999999
0.3935024
0.07555384999999999
0.36163015
0.3619647999999999
0.25012039999999996
0.24232339999999997
0.040229299999999996
0.0560326
0.2639572
0.040229299999999996
0.32647349999999997
0.06301425
0.10950069999999999
0.16124955
0.29564889999999994
0.30441305
0.29564889999999994
0.31212609999999996
0.38495904999999997
0.3535077
0.3900317
0.38576979999999994
0.3900317
0.36795514999999995
0.14988985
0.2939009
0.36173479999999997
0.033990549999999994
0.35266245
0.19140369999999998
0.7083747
1.4848891999999998
0.24472804999999997
0.25899495
0.24454059999999997
0.24007974999999998
0.24454059999999997
0.24693029999999996
0.14109349999999998
0.7904122499999999
0.21980639999999999
0.0700971
0.1012023
0.2361479
0.29254505
0.29254505
0.5706162
0.17739785
0.4026218999999999
0.7658079999999999
0.2833968
0.35853319999999994
0.0547745
0.7589620499999999
0.560326
1.0746221
0.23422164999999998
0.4059776
0.8585819499999999
0.21149534999999997
0.8841429999999999
0.041639199999999994
0.5085518499999999
1.037277
0.38834235
0.19525964999999998
0.19401074999999998
0.42344149999999997
0.1939337
0.35726245
0.07224185
0.06565119999999999
0.39907069999999994
0.46297275
0.3373364
0.0805897
0.26485764999999994
0.28668119999999997
0.43013565
0.20231949999999999
0.26485764999999994
0.1834963
0.35166885
0.3915083
0.21925439999999996
0.2018043
0.22491699999999998
0.32853545
0.23854219999999998
0.29685754999999997
0.32853545
0.17783024999999997
0.35601354999999996
0.57926305
0.26046579999999997
0.30164845
0.22474334999999998
0.09779715
0.03965199999999999
0.056469599999999995
0.3168273
0.3181406
0.23565569999999997
0.40641345
0.2376866
0.40060825
1.2158328999999999
0.30836905
0.36748594999999995
0.17457114999999998
0.42967334999999995
0.17457114999999998
0.26959449999999996
0.14225959999999999
0.09586515
0.3641682
0.28711359999999997
0.25982639999999996
0.14451819999999999
0.36083205
0.15223815
0.22300915
0.21407824999999997
0.8528882999999999
1.7375223499999999
0.2134331
0.1302697
0.20948055
0.2134331
0.17223894999999997
0.16538034999999998
0.20237124999999997
0.5300775499999999
0.20218609999999998
2.8702711999999995
0.36889469999999996
0.19088044999999998
0.36471214999999996
0.29793739999999996
0.7536938999999999
0.29793739999999996
0.2661192
0.33666019999999997
0.16059405
0.16792644999999998
0.1054711
0.23378119999999997
0.23732089999999997
0.49929664999999995
0.28959759999999996
0.16612095
0.09142154999999999
0.35821925
0.09112024999999999
0.08385569999999999
0.09597554999999999
0.23354889999999998
0.23291409999999999
0.23354889999999998
0.25551044999999994
0.06382154999999999
0.38034064999999995
0.12214955
0.1382668
0.36645555
0.025740449999999998
0.26809259999999996
0.27245454999999996
0.11705159999999999
0.3332976
0.33101369999999997
0.2597252
0.07760199999999999
0.10465114999999998
0.51818655
0.48155214999999996
0.9934597
0.3677585
0.33416239999999997
0.1956909
0.0194488
0.23533369999999998
0.2604221
0.2773294
0.01677735
0.2985285
0.18183685
0.34529784999999996
0.2458194
0.24788134999999997
0.35355369999999997
0.32989704999999997
0.08140159999999999
1.6679680499999998
0.0159022
1.4352965999999998
0.16194414999999998
0.57269885
0.34399949999999996
0.3650422
0.37130509999999994
0.38437715
0.3807696
0.37428819999999996
0.7536938999999999
0.1792229
0.29378245
0.05330135
0.282302
0.33327229999999997
0.33134375
1.8995492999999999
0.11366944999999999
0.38449675
0.25419369999999997
1.1199597
0.22559894999999996
0.25419369999999997
0.24678424999999998
0.5991925499999999
0.24357114999999996
0.10062614999999998
0.3602973
0.78419305
0.34550715
2.1732378
0.40592354999999997
0.23785794999999996
0.35905069999999994
2.8886228999999997
0.3695824
0.41281664999999995
0.09971075
0.22608539999999996
0.22382219999999997
0.25639365
0.2533588
0.2543685
0.25639365
0.2308487
0.23197569999999998
0.13776655
0.08190415
0.13776655
0.05554614999999999
0.48680419999999996
0.14973574999999997
0.8801939
1.6932393
0.30694075
0.8216566
0.15063274999999998
0.32085
0.18589864999999997
0.1859527
0.29866305
0.2770396
0.29866305
0.2996417
0.23206424999999997
0.2231391
0.23206424999999997
0.2270284
0.27302954999999995
0.2746154
0.22400045
0.27302954999999995
0.09784774999999998
0.142094
0.23286004999999999
0.0348565
0.33065029999999995
0.1987407
0.2858302
0.0348565
0.0344793
0.1608827
0.05791975
0.16535504999999998
0.26118569999999997
0.25223524999999997
0.25281254999999997
0.12041995
0.1200094
0.1610644
0.22949514999999998
0.25973785
0.12244624999999999
0.11636964999999999
0.23723924999999998
0.21918654999999998
0.39760329999999994
0.37812344999999997
0.21746614999999997
0.9704320999999999
0.82843355
0.56574365
0.3424308999999999
0.9704320999999999
0.6053715
0.17121315
0.32982229999999996
0.9395292999999999
2.11254885
0.43881354999999994
0.48420979999999997
0.7922303999999999
0.11451584999999999
0.5300775499999999
0.09371005
0.07361725
0.13306535
0.27254425
0.3789687
0.6196084999999999
0.36868539999999994
0.5193698999999999
0.2440438
0.5193698999999999
0.20733005
0.20976805
0.20733005
0.21132055
0.21363894999999997
0.2138747
0.2011005
0.0383134
0.3728392
1.1539192
0.36121499999999995
0.3559457
0.39036635
0.3960991
0.1315255
0.3730416
0.3960991
0.3326984499999999
0.22893509999999997
0.05206625
0.05850395
0.33817359999999996
0.20334415
0.2563534
0.05206625
0.26384335
0.24326525
0.383065
0.28419835
0.2826493
0.30541699999999994
0.28419835
0.32930825
0.4672634
0.36707195
0.24656
0.05027569999999999
0.06396645
0.33496165
0.17973694999999998
0.1796967
0.1814999
0.17973694999999998
0.23383869999999998
0.21797559999999996
0.26527049999999996
0.23291409999999999
0.03599039999999999
0.2815292
0.08316225
0.30109759999999997
0.09638609999999999
0.202285
0.27347344999999995
0.22792655
0.21807104999999996
0.21704525
0.20947595
0.21807104999999996
0.13134495
0.10507205
0.21194614999999997
0.2109169
0.3741272
0.32999825
0.30720295
0.2997429
0.27517199999999997
0.37696884999999997
0.3692742
0.21616434999999998
0.2202595
0.37696884999999997
0.05224449999999999
0.33443955
0.12290164999999999
0.7553844
0.43757614999999994
0.3558629
0.5236732
0.21729479999999998
0.21753399999999998
0.21729479999999998
0.21740519999999997
0.23472189999999998
0.29622849999999995
0.2985032
0.13308029999999998
0.18607574999999998
0.01793195
0.13451665
0.36663265
1.93515215
0.19351854999999998
0.6412814
0.20648479999999997
0.6412814
0.9255844
0.36346094999999995
0.11813144999999999
0.21709124999999999
0.19561269999999997
0.20947595
0.16430394999999998
0.21709124999999999
0.06520614999999999
0.1582239
1.1042461
0.13593575
0.2022597
0.2327462
0.1814999
0.23452869999999998
0.2327462
0.23732089999999997
0.23219995
0.2394806
0.24165524999999996
0.2394806
0.2395772
0.19723534999999998
0.1977931
0.11926994999999999
0.36643715
0.02099785
0.16755499999999998
0.04023965
0.07197044999999999
0.5625823
0.1315255
0.28501485
0.5625823
0.24058805
0.23698165
0.11280579999999998
0.09379629999999999
0.1459672
0.07569645
0.36807244999999994
0.1379793
0.11280579999999998
0.06970035
0.05554614999999999
0.0705387
0.08219165
0.09762694999999999
0.14387075
0.14504834999999996
0.35868269999999997
0.3594026
0.1052457
0.41824234999999993
0.6919434999999999
0.037004699999999995
0.22865565
0.49892519999999996
0.4972944999999999
0.3723343499999999
0.38313744999999994
0.38805024999999993
0.38783519999999994
0.38313744999999994
0.23856404999999997
0.21726489999999998
0.16487319999999997
1.0093849
0.25576229999999994
0.25982639999999996
0.23509794999999997
0.25250779999999995
0.0662285
0.24878984999999998
0.23509794999999997
0.35917145
0.1894303
0.3732233
0.039272499999999995
0.03155485
0.03622845
0.17909754999999997
0.8689745
0.27929705
0.27882209999999996
0.09306835
0.37003319999999995
0.28260559999999996
0.27015454999999994
0.037882149999999996
0.0282946
0.0274206
0.037834999999999994
0.22495379999999998
0.31116699999999997
0.34327729999999995
2.4377884
0.9201448999999999
0.36358515
0.0478607
0.3864735999999999
0.20291289999999998
0.2511945
0.27172775
0.20291289999999998
0.08190415
0.37819359999999996
0.3811882
0.37819359999999996
0.38897139999999997
0.1742434
0.0665988
0.08772775
0.31318755
0.29503594999999994
0.31318755
0.29485425
0.8854884999999999
0.13389104999999998
0.31045744999999997
0.15150444999999998
0.17979905
0.14760134999999996
0.15150444999999998
0.08053795
0.20303594999999997
0.176525
0.0564236
0.8339029499999999
0.20312334999999998
0.20806029999999998
0.0564236
0.07496504999999999
0.7702757499999999
0.32686794999999996
0.7702757499999999
0.21698085
0.049924949999999996
0.14736445
0.36484325
0.19033879999999997
0.9219814499999999
0.34949994999999995
0.0925727
0.16521589999999997
0.20960934999999997
0.36659929999999996
0.24943384999999998
0.05400285
0.2477468
0.10960305
0.24943384999999998
0.2690011
0.2137574
0.11317379999999999
0.08089444999999999
0.006848249999999999
0.012603999999999999
0.38489809999999997
0.37506559999999994
0.09473929999999998
0.09487959999999998
0.21356075
0.0924623
0.15565364999999998
0.32320404999999996
0.33057095
0.10501224999999999
0.0924623
0.27532724999999997
0.2831162
0.28317254999999997
0.2831162
0.30165879999999995
0.19029855
0.36671889999999996
0.35323399999999994
0.15861835
0.2805931
0.35323399999999994
0.4731376
0.43546015
0.24014069999999998
0.23687814999999998
0.5166237
0.3951745
0.6064617
0.13618185
0.21947979999999997
0.237084
0.21069494999999996
0.14516335
0.1285953
0.2773294
0.2655258
0.21069494999999996
0.33656129999999995
0.4135802499999999
0.45337485
0.35493600000000003
0.10387949999999999
0.12145955
0.16463055
0.0771328
0.25200409999999995
0.32979929999999996
0.20939199999999997
0.23266799999999999
0.23167669999999999
0.22668569999999996
0.23266799999999999
0.85266635
0.7465293999999999
0.38108929999999996
0.85266635
0.3873614
1.0628460999999998
0.15715669999999998
0.09516939999999999
0.06289695
0.16805639999999997
0.2936525
0.28593599999999997
0.25340825
0.23744279999999998
0.069322
0.280232
0.59473285
1.1017736
0.33633589999999997
0.22751369999999999
1.1017736
0.10107809999999999
0.22600835
0.31725164999999994
0.4785564
0.5027984
0.38865399999999994
0.4785564
0.4336328
0.19594045
0.4336328
0.39565864999999995
0.8195060999999999
0.20418709999999998
0.05400285
0.4269168
0.43166974999999996
0.1046385
0.260705
0.42200859999999996
0.4064928
0.32828589999999996
0.1416593
0.06869755
0.36126905
0.36702709999999994
0.36501114999999995
0.36547689999999994
0.36775735
0.49988314999999994
0.49988084999999993
0.3217079
0.20835009999999998
0.19997579999999998
0.21814579999999997
0.2957202
0.63137875
0.33960535
0.27417035
0.0664102
1.0683017
0.04698785
0.11678939999999999
0.04522835
1.12494955
0.4140816499999999
0.21969599999999997
0.06958879999999999
0.16463055
0.142094
0.21655995
0.25488255
0.25551044999999994
0.25488255
0.2662871
0.08509769999999998
0.06300045
0.7342795999999999
0.6968793
0.21321574999999998
0.11856269999999998
0.72338105
0.18905539999999996
0.18775014999999998
0.5908654
0.3549268
0.36165889999999995
0.38902545
0.12596524999999997
0.33143114999999995
0.13308029999999998
0.6712285499999999
0.10898089999999999
0.040454699999999996
0.3581445
0.25188335
0.3442594
0.05251935
0.4040088
0.0100372
0.27917745
0.8207066999999999
1.60029745
0.10129429999999999
0.7100491
0.21704525
0.20087855
0.37132924999999994
0.3370339499999999
0.20023684999999997
2.4479751
0.5357964999999999
0.26664475
0.2716668
0.22116454999999996
0.12769945
0.59388875
1.4356323999999998
0.08835334999999998
0.9157219999999999
0.18447149999999998
0.36484209999999995
0.045812549999999994
0.1814999
0.18389534999999999
0.2662871
0.1814999
0.06304069999999999
0.04604255
0.1240597
0.44116874999999994
0.33981005
0.1310655
0.6119448999999999
0.2788773
0.2815062
1.3018759
1.06641455
0.38241065
0.08655244999999999
1.3018759
0.27700165
0.37160065
0.43687694999999993
0.2186656
0.20063704999999998
0.26335574999999994
0.3405449
0.21301335
0.95021855
0.4852172
0.05316335
0.1369857
0.16942719999999997
0.12879654999999998
0.32085
0.5067107
1.5947211
0.26675515
0.48394989999999993
0.1602916
0.20273924999999998
0.14588784999999999
0.7711807999999999
0.3600788
0.4513819
0.14075425
0.35960269999999994
0.10554699999999999
0.32992579999999994
0.35506594999999996
0.3643591
0.26192515
0.269353
0.25841074999999997
0.28317254999999997
0.035178499999999994
0.1773898
0.27683834999999996
0.32356974999999993
0.36830015
0.0982537
0.7448331499999998
0.15053499999999997
0.1481269
0.08901574999999999
0.09722559999999998
0.33977785
0.33043409999999995
0.32979929999999996
0.33977785
0.3811882
0.37052884999999997
0.22475715
0.23932994999999999
0.22475715
0.20473219999999998
1.24750045
0.24607584999999998
0.31212609999999996
0.2967552
0.48481009999999997
0.35820084999999996
0.5304639499999999
0.12578699999999998
0.028252049999999997
0.1316175
0.045565299999999996
0.12578699999999998
0.13194525
0.09777759999999999
0.14737135
0.11861904999999999
0.11896059999999999
0.23257484999999997
0.2301472
0.20218609999999998
0.33152315
0.18679449999999997
0.4320366
0.39701335
0.33880265
0.1067177
0.19652579999999997
0.33657395
0.1062301
0.17990944999999997
0.36778725
0.33944435
0.36652225
0.00915055
0.15668635
0.1208489
0.32200575
0.2687734
0.0448615
0.2682559
0.2950578
0.05027569999999999
0.32635159999999996
0.079603
0.10129429999999999
0.6337707499999999
0.62641305
0.5032917499999999
0.16330689999999998
0.21386894999999997
0.26106149999999995
1.9573275999999997
0.11644784999999999
0.21736724999999996
0.33756064999999996
1.6337877499999998
0.1973285
0.34104515
0.34292654999999994
0.25468244999999995
0.2543685
0.21740519999999997
0.2031429
0.03807075
0.1627825
0.10458559999999999
0.3639152
0.10513185
0.35879655
0.8161756999999998
0.10201995
0.21117564999999996
0.061613549999999996
0.3291208
0.8044537499999999
0.42756425
0.21552955
0.2156503
0.0568215
0.6439102999999999
0.03565805
0.24824934999999998
0.22954
0.24824934999999998
0.25014454999999997
0.36247309999999994
0.2826493
0.1431681
0.29632394999999995
0.3120157
0.30368739999999994
0.29632394999999995
0.25815889999999997
0.25641549999999996
0.21495455
0.2014501
0.8435376499999999
0.5083552
0.2672485
0.36288249999999994
0.19677535
0.2298436
0.38564905
0.36650615
0.38564905
0.29277274999999997
0.20633069999999998
0.21852299999999997
0.21680719999999998
0.06289695
0.33057095
0.19776665
0.09951294999999999
0.20963925
0.31961259999999997
0.24527659999999998
0.2487013
0.08833609999999999
0.0906269
0.0766084
0.15087195
0.21443244999999997
0.30396914999999997
0.3041865
0.30396914999999997
0.29503594999999994
0.28010665
0.96318365
0.2539821
0.0891641
0.2605279
0.1270888
0.32929215
0.07162085
0.022096099999999997
0.0372232
0.0840696
1.7890630499999998
0.11982999999999999
0.367241
0.08291384999999998
0.33975599999999995
0.38719695
0.10659924999999999
0.38719695
0.27159205
0.30662795
0.09586859999999998
0.20333495
0.11623164999999998
0.21159424999999998
0.20945294999999997
0.36432115
0.41818025
0.20945294999999997
0.21737184999999998
0.29735205
0.44444855
0.33866694999999997
0.1808789
0.17627545
0.14897329999999998
0.1470758
0.304635
0.1470758
0.2813981
0.087515
0.46564419999999995
0.36697075
0.1213963
0.21765359999999997
0.21510289999999999
0.5904767
1.03953905
1.0770658499999999
0.10581494999999999
1.24715315
0.69834555
0.15360205
1.9968346999999997
0.11621669999999999
0.051874199999999995
0.36034674999999994
0.07214295
0.26706565
0.21870699999999996
0.21859545
0.21870699999999996
0.22826924999999998
0.26456555
0.18685314999999997
0.33072274999999995
0.37314509999999995
0.5773805
0.12974989999999997
0.3692742
0.33657395
0.24109635
0.23927244999999997
0.23052784999999998
0.24109635
0.18168964999999998
0.22559894999999996
0.21440599999999999
0.25720899999999997
0.257899
0.30343555
0.3152817
0.08143494999999999
0.24165639999999997
0.23687814999999998
0.13228795
0.34209854999999995
0.19420624999999997
0.23038639999999996
0.43875374999999994
0.12654944999999998
0.34209854999999995
0.06600885
0.32902075
0.15278555
0.03174345
0.1526004
0.32387449999999995
0.1259595
0.21132055
0.2228723
0.3656654999999999
0.1855019
0.36663035
0.38626314999999994
0.38605155
0.6444025
0.49612494999999995
0.36176125
0.67762485
0.3682093
0.06323849999999999
0.29246569999999994
0.28296899999999997
0.29246569999999994
0.3046373
0.74183395
0.062974
0.31649724999999995
0.8063167499999999
0.19239499999999998
0.06101324999999999
0.36609214999999995
0.8190024
0.39397964999999996
0.12340535
0.3371869
0.33407499999999996
0.21976154999999997
0.21910834999999998
0.26768434999999996
0.301737
0.24005674999999999
0.21059375
0.031328299999999996
0.0514096
0.060862599999999996
0.1359024
0.10962145
0.33740079999999995
0.1351388
0.13326315
0.08728384999999998
0.33749624999999994
0.12458294999999998
0.08728384999999998
0.9756738
0.2097531
0.19220525
2.7428856999999995
0.3431071
0.2167221
0.35927954999999995
0.37130165
0.18414259999999996
0.10493289999999998
0.33375759999999993
0.10950069999999999
0.1259595
0.36357364999999997
0.23934144999999998
0.050049149999999994
0.17353385
0.029767749999999996
0.1213204
0.2383536
0.17592354999999998
0.10621284999999998
0.04929359999999999
0.1521427
0.3628963
2.7994933
0.19339549999999997
0.47740639999999995
2.7994933
0.09402055
0.21149419999999997
0.37211239999999995
0.032045899999999995
1.3260949
0.3795092
1.5016630999999998
0.38646555
0.38944634999999994
0.13651419999999997
0.06329715
0.13622555
0.0798767
1.14623145
0.03756245
0.4668516999999999
0.08331635
0.03756245
0.21687045
0.21688195
0.46802239999999995
0.25577265
0.07969845
0.48220419999999997
0.21642655
0.21549159999999998
0.24130219999999997
0.23812704999999998
0.17335215
0.13102295
0.13444879999999998
0.10492715
1.85716145
0.35306954999999995
1.6287231499999997
0.21405409999999997
0.7845495499999999
0.21871044999999997
0.10517554999999999
0.3397513999999999
3.9063602499999996
0.21644149999999998
0.6288706
0.09682539999999998
0.238832
0.35906104999999994
0.33566199999999996
0.6288706
0.2002472
0.0997763
0.10604495
0.11325774999999999
0.32465879999999997
0.10501224999999999
0.32972799999999997
0.10604495
0.51600845
0.2884131
0.9074604
0.0510209
0.340952
0.35145035
0.10388984999999999
0.37316464999999993
0.10628415
0.12427589999999998
0.32911045
0.12580195
0.21132055
0.31725164999999994
0.36583109999999996
0.33862785
0.15062585
0.31238715
0.32422755
0.3203969
0.2144865
0.24177484999999999
0.27417955
0.2774858
0.36402559999999995
0.3671697
0.111297
0.0500457
0.08145335
0.9324820999999999
0.11848219999999998
0.09144799999999999
0.0997763
0.17990369999999997
0.26071075
0.09144799999999999
0.06075335
0.1200899
0.120474
0.3242103
0.34327729999999995
0.3621833
0.3590185
0.15369634999999998
0.03235755
0.35907714999999996
0.18590669999999998
0.054289199999999996
0.3973204
0.12926805
0.12978209999999998
1.1809177499999999
0.4535393
0.21864604999999998
0.20563725
0.37840864999999996
0.25527355
1.8479786999999999
0.42358295
0.6028690999999999
0.28271025
0.27273169999999997
0.23286004999999999
0.2533588
0.25243305
0.37842935
0.25243305
0.25287234999999997
0.11368094999999999
0.11516559999999999
0.12244624999999999
0.21440599999999999
0.32686794999999996
0.1305756
0.21646795
0.44501434999999995
0.32443225
0.23100739999999997
0.11119004999999998
0.22929159999999998
0.23883315
0.23812704999999998
0.36103329999999995
0.03661945
0.22798865
0.13585524999999998
1.8332563999999998
1.6418595999999999
0.40516454999999996
1.0137215499999999
0.1981634
0.30362759999999994
0.03307055
0.3740858
0.34078525
0.3348156
0.35876204999999994
0.2010407
0.32512684999999997
1.0371137
0.34300244999999996
0.21695094999999998
0.33486964999999996
0.07268
0.20506685
1.03697685
0.41818025
0.64776395
3.5038797999999995
0.45270784999999997
3.5038797999999995
0.5501324
0.31332669999999996
0.2960744
0.2944023
0.31332669999999996
0.2412286
0.12231399999999999
0.7782211
0.48155214999999996
0.2412286
0.28066094999999996
0.18117789999999998
0.39625895
0.04348955
0.24165639999999997
0.16109085
1.1337321
0.28025615
1.0924448
0.65044115
0.6293582
0.3621488
0.31571869999999996
0.3621488
0.3387141
0.7470273499999999
0.3310758
0.25340825
0.25577265
0.30714084999999997
0.37052884999999997
0.38865399999999994
0.9120661499999999
0.40558199999999994
0.33611739999999996
0.2813981
0.16212009999999996
0.18407934999999997
0.1850189
0.34010444999999995
0.23707019999999998
0.3825015
0.2770396
0.22203625
0.2084237
0.11848219999999998
0.22203625
0.30204519999999996
0.1876478
0.9352984499999999
0.6522857499999999
0.31753339999999997
0.015159299999999999
0.27420485
0.10491565
0.094024
0.19194189999999997
0.37375804999999995
0.37371319999999997
0.1700643
0.16650274999999998
0.23463104999999995
0.1700643
0.18265564999999997
1.6185490999999999
0.4883566999999999
0.36469145
0.76907055
0.20504499999999998
0.30404734999999994
0.13557924999999998
0.20693444999999996
0.0371749
0.27136894999999994
0.0864041
0.20693444999999996
0.25360489999999997
0.27265235
0.2746154
0.20981289999999997
0.27265235
0.13329305
0.1316175
0.14524959999999998
0.19072404999999998
0.9364174
0.24198645
0.13329305
0.0729928
0.0368828
0.5688774
0.30364025
0.41297995
1.08958245
0.17545665
0.11647199999999999
0.33902114999999994
0.11041495
1.00359005
0.35183329999999996
1.00359005
0.17403754999999999
0.08948609999999999
0.24048914999999998
0.24712464999999997
0.22826924999999998
0.20882504999999998
0.8004241499999999
0.19662009999999996
0.3416282
0.36971005
0.09821574999999999
0.2180607
0.9706310499999999
0.5066255999999999
0.24165524999999996
0.23932994999999999
0.2949612
0.2655258
0.14494025
0.32474274999999997
0.32305225
0.11525645
0.38871954999999997
0.38454274999999993
0.16100689999999998
0.7739511499999999
0.21436919999999998
0.21263155
0.22462029999999997
0.21698085
0.6743875999999999
0.30670385
0.29427349999999997
0.6586084499999999
0.23594319999999996
0.24637599999999998
0.26181475
0.26527854999999995
0.27256955
0.3242103
0.11644784999999999
0.39300099999999993
0.3930286
0.028745399999999997
0.6796154999999999
0.42135425
0.25105879999999997
0.25288384999999997
0.25105879999999997
0.25250779999999995
0.2572734
0.23720244999999998
0.2572734
0.9174619499999999
0.37028735
0.3807213
0.35475199999999996
0.37832355
1.0322837
0.14692974999999997
0.18385739999999998
0.31445945
0.40307499999999996
0.18956944999999997
0.25575425
0.18956944999999997
0.293135
0.14163974999999998
0.27799409999999997
0.04804815
0.36299865
0.4751202
2.4959266499999995
0.35714629999999997
0.24701539999999997
0.21125729999999998
0.202285
0.9473251499999998
0.3192354
0.1675389
0.19923634999999998
0.17477125
0.25722395
0.25658454999999997
0.25221455
0.24914519999999998
0.32914954999999996
0.3730416
0.1347754
0.32914954999999996
0.26704839999999996
0.36292274999999996
0.33967204999999995
0.13657629999999998
0.02602105
0.05760464999999999
0.2844594
0.25575425
0.36483635
0.14799925
0.18330079999999999
0.21897379999999997
0.21433584999999997
0.061060399999999994
1.41987625
0.33982155
0.21301335
0.29770165
0.2985883
0.7457531499999999
0.20547854999999998
0.34281615
0.1015312
0.29494049999999994
0.25723545
0.2394415
0.48205239999999994
0.10718919999999998
0.35835724999999996
0.23544525
0.35361925
0.36039045
0.36018229999999996
0.23033234999999996
0.21335029999999996
0.37191
0.05327259999999999
0.45869245
1.2883311999999998
0.28354055
0.28293795
0.28354055
0.26082
0.17493685
0.07314
0.19821054999999999
0.23010694999999998
0.22760339999999998
0.1407784
0.3865748
0.20547854999999998
0.27690044999999996
0.20775784999999997
0.200951
0.20775784999999997
0.20324525
0.38108929999999996
0.37610174999999996
0.21044654999999998
0.16697654999999997
0.06049115
0.2179342
0.20231259999999998
0.2179342
0.21653464999999997
0.1285953
0.23756125
0.0654419
0.19545859999999998
0.3378033
0.33652449999999995
0.33689939999999996
0.3378033
0.3001868
0.9470272999999999
0.82819205
0.6946161
0.2728605
0.10741919999999999
0.10650494999999999
0.34047705
0.5748298
0.38305465
0.36368519999999993
0.35839404999999996
0.31635005
0.63851105
0.45043084999999994
0.9756738
0.12555124999999998
0.09727504999999999
0.0915216
0.17320839999999998
0.14067375
0.4124854499999999
0.05295289999999999
0.48637869999999994
0.35001974999999996
0.55219895
1.5016630999999998
0.35001974999999996
0.30670615
0.29275434999999994
0.30670615
0.3172735
0.17979905
0.9360160499999999
0.5707933
0.19778735
0.9619312999999999
0.25822445
0.55753035
0.37811885
0.35037969999999996
0.8398403999999998
0.5629813499999999
0.8398403999999998
0.263281
0.7554603
1.55765085
0.09597554999999999
1.06641455
0.14978405
0.17845125
0.21753974999999998
0.2169084
0.20259434999999998
0.30532154999999994
0.1915762
1.31904195
0.2218442
0.061397349999999996
0.09662299999999999
0.3022407
0.3085956
0.2859452
0.24712349999999997
0.3623627
0.38375385
0.38698419999999994
0.20721275
0.0257899
0.20767734999999998
0.35566279999999995
0.36342644999999996
0.27938329999999995
0.4302322499999999
0.4265315499999999
0.18322259999999999
0.33338959999999995
0.3006077
0.2132054
0.35460594999999995
0.35561564999999995
1.3787005
0.21859545
0.056489149999999995
0.19981594999999996
0.35568004999999997
0.33072274999999995
0.38805024999999993
0.35568004999999997
0.21537199999999998
0.06191599999999999
0.9028707499999999
0.18125724999999998
0.14592234999999998
0.27644389999999996
0.04692345
0.11438934999999999
1.1107907499999998
2.47315205
0.35534309999999997
0.1111383
0.14126139999999998
0.16924089999999997
0.14498394999999997
0.43957945
0.75805815
0.23236325
0.87003595
0.49884815
0.7986266999999999
0.5573543999999999
0.1530029
0.5506728999999999
1.4903815999999999
0.54866845
0.28797035
0.2087434
0.46383294999999997
0.46319584999999996
0.68640165
0.23073829999999998
0.19339549999999997
0.25314489999999995
0.21774789999999997
0.32830314999999993
0.745706
0.38379064999999996
0.35562714999999995
0.8330462
0.6686824499999999
0.28912839999999995
0.3623029
0.06253355
0.21132399999999998
0.19403949999999998
0.2298436
0.3634713
0.25571515
0.25612225
0.19803805
0.48191554999999997
0.10321825
0.11411679999999999
0.17100844999999998
0.11356594999999998
1.4237850999999997
0.3018267
0.32654479999999997
0.0662285
0.06301425
0.34026889999999993
0.12278549999999999
0.20960934999999997
0.0703892
0.3392339
0.12278549999999999
0.9595001999999999
0.23614559999999998
0.2723223
1.8728014499999999
0.36759175
0.8032128999999999
0.34043795
0.8032128999999999
0.6428845
0.21650934999999996
1.15815925
0.35475775
0.50051565
0.1778291
0.0560326
0.12069939999999998
0.10069399999999999
4.683675149999999
0.0448523
0.1377033
0.06699785
0.1320729
0.25488944999999996
0.11615459999999998
0.1576144
1.14969755
0.14510585
0.12376529999999998
0.06213104999999999
0.1924893
0.10353335
0.13448904999999997
0.19739174999999998
0.5202277999999999
0.0847274
0.28682034999999995
0.2477468
2.8475955
0.2943517
0.30956849999999997
3.07358085
0.11325774999999999
0.47740639999999995
0.34633169999999996
0.36286755
0.40017584999999994
0.1283055
0.38965334999999995
0.2144497
0.19253414999999996
0.19493765
0.14344869999999998
1.3569609
0.14225959999999999
0.1612438
0.35751315
0.36386114999999997
0.3356436
0.9142338999999999
0.11122339999999999
0.6895595499999999
0.35807089999999997
0.10922584999999999
0.38541904999999993
0.47030515
1.6492196
0.5214514
0.5863505
0.1714282
0.25630509999999995
0.4059776
0.20050364999999998
0.43851455
0.3867772
0.06840199999999999
0.31240555
0.40732654999999995
0.26453679999999996
0.60042765
0.82593805
1.10230375
0.2977327
0.23478975
0.2434366
0.21999385
0.23478975
0.6743875999999999
0.21844595
3.7036187
0.06281645
0.2812785
0.32045324999999997
0.21753399999999998
0.5062230999999999
0.45454785
0.10158409999999998
0.31507814999999995
0.33689939999999996
0.3651756
0.368782
0.27809185
0.08066904999999999
0.24170239999999998
1.2674127
0.17503115
0.1319165
0.47393915
0.21507529999999997
0.08302309999999999
0.9151251499999999
0.3534663
0.32868264999999997
0.3534663
0.3547865
0.1346098
0.07978125
0.32402285
0.0917562
0.06395379999999999
0.25535864999999996
0.32219549999999997
0.015910249999999997
0.13428779999999998
0.1796967
0.17023909999999998
0.27929705
0.28307825
0.26991765
0.0869354
0.28307825
0.33101369999999997
0.06671495
0.2202595
0.36246274999999994
0.4331866
0.04923494999999999
0.4591099
1.32633065
0.022723999999999998
0.08131764999999999
0.28268725
0.36217869999999996
0.20598455
0.5997399499999999
0.92690805
0.1958404
0.359582
0.34142465
0.21854829999999997
0.2911754
0.3392339
0.21976499999999996
0.2911754
0.0976166
1.8952528999999998
0.12569154999999999
0.15141475
0.13428779999999998
0.11206405
0.3353193
0.47030515
0.3353193
0.5196964999999999
0.38541904999999993
0.22257675
0.37902965
0.24903134999999998
0.1176818
0.7391671
2.03042735
2.21967825
0.0322966
3.4806601499999994
0.32936805
0.31997715
0.10702819999999999
0.043027249999999996
0.23371449999999996
0.2661192
0.24712464999999997
0.3703851
0.41309724999999997
0.2550631
0.2507621
0.54273445
0.34559914999999997
0.263281
0.54273445
0.3260411
0.31737125
0.32355595
0.30165879999999995
0.3090671
1.7655167999999999
0.23656765
0.5879949999999999
0.24729945
0.08615569999999999
0.3524152
0.11725284999999998
0.3182947
0.37499315
0.36343909999999996
0.39051009999999997
1.4652679
0.4325495
0.1294371
0.08674219999999999
0.17306924999999998
0.2959709
0.3002627
0.38737979999999994
0.352981
0.35606645
0.5661518999999999
0.22462605
0.3896384
0.2635984
0.3743756
0.5805935999999999
0.15270849999999997
0.36589664999999993
0.7465293999999999
0.3756498
0.5255592
0.21287535
0.23148004999999997
0.2630395
0.26376285
0.3730186
0.38378375
0.2805931
0.5553878999999999
0.35977404999999996
0.28154874999999996
0.2605279
0.28492055
0.28154874999999996
0.3371915
0.10114595
0.26119145
0.25850734999999997
0.03874005
0.36541479999999993
0.35249224999999995
0.26204934999999996
0.16369789999999998
0.35611705
0.36182794999999995
0.33866694999999997
0.48565189999999997
0.22773335
0.24693029999999996
0.22126229999999997
0.03874925
0.22494574999999997
0.36332295
0.30496734999999997
0.2960744
0.36477424999999997
0.391
0.26056009999999996
0.39245589999999997
0.1971054
0.8521339
0.17696199999999998
0.22593014999999997
1.6616361499999999
0.1347754
0.5896326
0.74245955
0.6538761999999999
0.52305565
0.6999233499999999
0.3384542
0.4793188499999999
0.17365114999999998
0.0760058
0.17406744999999998
0.3815401
0.13843009999999997
0.3613185
0.6570409999999999
0.40252185
1.57915125
1.8067373999999998
0.059779299999999994
0.087446
0.24864494999999998
0.2716668
0.9504313
0.26959449999999996
0.31655474999999994
0.9504313
0.2775295
0.0042216499999999995
0.15827565
0.15851714999999997
0.2586534
0.25723545
0.18468885
0.13404629999999998
0.3088267499999999
0.36163934999999997
0.36172099999999996
0.5501324
1.8408992999999998
1.0986134
0.08145335
0.5202277999999999
0.21437725
0.21680259999999998
0.18485559999999998
0.2726052
0.3048144
0.11982999999999999
2.64527945
0.36771019999999993
0.0751157
0.17252989999999999
0.33375414999999997
0.10457525
0.17252989999999999
0.09662299999999999
0.1593969
0.11807854999999999
0.039743999999999995
0.22266759999999997
0.39755959999999996
0.4141195999999999
0.37325780000000003
0.29627794999999996
0.3002719
0.41701299999999997
0.43654805
0.56987215
1.0603770499999998
0.36587135
0.21517879999999998
0.36462244999999993
1.1921359999999999
0.1867232
0.8731098999999999
0.36238339999999997
0.10915915
0.28767479999999995
0.22760339999999998
0.9360160499999999
0.36640955
0.0733263
0.3152817
0.3131151
0.22909954999999999
0.22607505
0.26831225
0.17460219999999999
0.1720699
0.19505265
0.28979079999999996
0.37527259999999996
0.49288769999999993
0.31571869999999996
0.76907055
0.33491219999999994
0.32287055
0.49288769999999993
1.7985275499999998
0.30065139999999996
0.20648479999999997
0.31961259999999997
0.09242204999999999
1.7985275499999998
0.46071529999999994
0.13393934999999998
0.07250634999999998
0.0665988
0.21319734999999998
0.21960399999999997
0.1714259
0.3867082
0.37928725
0.5169422499999999
0.37928725
0.20231949999999999
0.5516837499999999
0.40083824999999995
0.15219674999999996
0.14760134999999996
0.15225425
0.15219674999999996
0.2566731
0.26451725
0.19898909999999997
0.14678139999999998
0.03192055
0.3254937
0.21970749999999997
0.2088331
0.20948055
0.21970749999999997
0.0632247
0.15700835
0.21333765
0.21746844999999998
0.7214801
0.20585344999999997
0.06258414999999999
0.1010459
0.7214801
0.11820964999999999
0.24532949999999998
0.24707289999999998
0.32008639999999994
0.34175355
0.1886621
0.5268805499999999
0.4933868
0.2039502
0.47887609999999997
0.06272675
0.36083205
0.31838325
0.260613
0.5075985
0.34218019999999993
0.39233514999999997
2.34722475
0.28272864999999997
0.35906679999999996
0.29665975
0.29905289999999995
0.2980374499999999
0.29665975
0.0488566
0.19215924999999998
0.19403949999999998
0.2986159
0.0488566
0.05283905
0.33572985
0.3444618
0.73217395
0.10107809999999999
0.31452844999999996
0.2287833
0.39389225
0.244076
0.07144144999999999
0.2151834
0.36461899999999997
0.09557075
0.21589869999999997
0.3079424
0.04715
0.38722684999999996
0.20385704999999998
0.22524244999999998
0.19652579999999997
0.35718194999999997
0.32385725
0.35813645
0.21727179999999996
0.3856962
0.38703709999999997
0.39667525
0.35310749999999996
0.36070899999999995
0.046713
0.3608654
3.53856265
0.29181939999999995
0.1055999
1.5947211
0.3920028
0.27410249999999997
0.15573644999999997
0.9473251499999998
0.28941934999999996
0.05367855
0.08469404999999999
0.2520984
0.21714414999999998
0.24005674999999999
0.09911389999999999
0.2018411
0.1434027
0.36166925
0.059450399999999994
0.13072625
0.1612438
0.28311274999999997
0.1050387
0.3655091
0.3687567
0.10494785
0.03949444999999999
0.20666535
0.39572765
0.4571917
0.29275434999999994
0.2858302
0.4257921
0.28668119999999997
1.7244848
0.3709601
0.44995245
0.20832365
0.5663945499999999
0.49662864999999995
0.88449145
0.24562504999999998
0.24546749999999998
0.26358804999999996
0.13771594999999998
0.21287189999999998
0.22370835
0.21999385
0.767349
1.86066665
0.5127102499999999
0.1367281
0.10899009999999999
0.08588199999999999
0.10338844999999999
0.3916969
0.10653254999999999
0.39037439999999995
0.3654424
0.5263642
0.3654424
0.40978409999999993
0.35857
0.30719605
0.3473943
0.25925024999999996
0.18914855
0.37282194999999996
0.3536549
0.3185339
0.3611782
0.2099256
0.051913299999999996
0.2729019
0.18246359999999998
0.34904799999999997
0.3642878
0.13461669999999998
0.35514185
0.48523215
2.1508726
0.44619079999999994
0.5062265499999999
0.49457704999999996
0.58867465
0.6226939499999999
0.9391037999999999
1.6597168
0.4767072
0.36248919999999996
0.36187624999999995
0.11406044999999998
0.36108275
0.30010285
0.21686239999999998
0.2813268
0.27999625
0.28296899999999997
0.25527355
0.12910705
0.217833
0.20973814999999996
0.5227554999999999
0.5904353
0.38514994999999996
0.30100905
0.35968665
0.3549613
0.3730301
0.11478149999999998
0.3606308
0.5606595
0.33038925
0.25314489999999995
0.11654445
0.18405404999999997
0.1117432
0.257945
0.34226185
0.52766485
0.2680259
0.2690011
0.30280765
0.33122759999999996
0.24497644999999996
0.25899495
0.23927244999999997
0.24497644999999996
0.24121364999999997
0.20982209999999998
0.27533759999999996
0.2608453
0.1431681
0.27533759999999996
0.34610974999999994
0.06345125
0.2863224
0.4673197499999999
0.6199374
0.28907435
0.1852443
0.21973854999999998
0.21788704999999997
0.37116825
0.25341515
0.2868077
0.17662504999999998
0.35712099999999997
0.23457124999999998
0.41943375
0.3956666999999999
0.31407765
0.21481194999999997
0.084617
0.1067177
1.2924666
0.5264987499999999
0.0630683
0.36355065
0.054844649999999995
2.2790999
0.45270784999999997
0.14897329999999998
0.14588784999999999
0.3015645
0.317262
0.028260099999999996
0.3348006499999999
2.57214405
0.33031679999999997
0.2681593
0.74422365
0.29896895
0.33814484999999994
0.2101119
0.38290514999999997
0.22878215
0.92690805
0.35654254999999996
0.051304949999999995
0.42734459999999996
0.200951
1.7244848
0.28081965
0.32186085
0.36423374999999997
0.3610655
0.15334099999999998
0.07514905
0.1822198
0.21663354999999998
0.23130294999999998
0.23452869999999998
0.09177115
0.098049
0.1336001
0.21798019999999999
0.21680259999999998
0.11446869999999999
0.1903181
0.39313669999999995
0.3731865
0.23473224999999998
0.37517025
1.0603770499999998
0.37223889999999993
0.36904879999999995
0.4481251
0.1979564
0.04624494999999999
0.35320985
0.10612315
3.9063602499999996
0.10612315
0.10650494999999999
0.3441846499999999
0.25401084999999995
0.32278315
0.32186315
0.2134515
0.64776395
1.3786165499999998
0.4966344
0.9257660999999999
0.4988033
0.3772069
0.12580195
0.30628064999999993
0.3060955
0.4731376
0.43755659999999996
0.20982209999999998
0.23454249999999996
1.5441820499999999
0.47520415
0.1940855
0.5553878999999999
0.2818581
0.30541699999999994
0.5573543999999999
0.1981036
0.2566593
0.2307015
0.32774424999999996
0.10481099999999999
0.2262901
0.07797345
0.20056
0.03114775
0.10979855
0.2918263
0.029752799999999996
0.03129955
0.19276184999999998
0.12016695
1.33098355
1.2563358999999998
0.3583078
0.36257084999999994
0.18219679999999996
0.35469795
0.052561899999999995
0.1450334
0.07126205
0.11206405
0.23431939999999998
0.13952489999999998
0.34257809999999994
0.48565189999999997
0.34257809999999994
0.44224054999999995
0.6497293
0.23574655
0.44816994999999993
0.40306004999999995
0.35782595
0.5909907499999999
0.25436159999999997
0.47511444999999997
1.9742579
0.47670604999999994
0.47670604999999994
4.409370249999999
0.10137594999999999
0.10189
0.02545065
0.027199799999999996
0.26373755
0.4790808
0.44931419999999994
0.36505944999999995
0.65627625
0.31274135
0.31530585
0.36295839999999996
0.40546239999999995
0.5713855499999999
0.25257565
0.4036385
0.20074514999999998
0.19310685
0.30676595
0.21616204999999997
0.05148549999999999
0.40753929999999994
0.5348189999999999
0.13385655
0.1915762
0.14678139999999998
0.36795514999999995
0.3381207
0.1398515
0.16815989999999997
1.35586265
0.3817425
0.10747554999999999
0.10982154999999999
2.7814865999999996
0.36190845
0.36937539999999996
0.27235105
2.8603156499999995
0.22724804999999998
0.33633589999999997
0.18532939999999998
0.3534110999999999
0.0627578
0.13048015
0.3726644
0.33960765
0.5062230999999999
0.3856962
0.0517293
0.17700339999999998
0.8238208999999999
0.1687464
0.08934809999999999
0.2973532
0.3010447
0.28293795
0.30940175
0.3010447
0.3017853
0.19416025
0.2081316
0.21359295
0.30739959999999994
0.0976166
0.6615559
0.1043717
0.23228044999999997
0.17726445
0.22219264999999996
0.36522849999999996
0.3877846
0.22267564999999997
0.30368739999999994
0.30940175
0.3598764
0.37543935
0.4270467499999999
0.1459672
0.2088331
0.16024675
0.29709214999999994
0.4438448
0.2270238
0.17294274999999998
0.04208885
0.35977404999999996
0.38956939999999995
0.2582992
0.25825549999999997
0.19126569999999998
0.2582992
1.9032959999999999
0.09774079999999999
0.33339075
0.22598764999999998
0.34665139999999994
0.18740284999999998
0.04705225
0.38604465
0.0807047
0.20337405
0.18067419999999998
0.9142338999999999
0.24280065
0.878968
0.049527049999999996
0.34174319999999997
0.017493799999999997
0.11832464999999999
0.28256305
0.2784403
0.21527195
0.2184034
0.13096085
0.35513495
0.3226416999999999
8.4024313
0.24601489999999998
0.40839949999999997
0.047736499999999994
0.36208555
0.36626465
0.3615761
0.35846535
0.20865714999999999
1.7725248999999998
1.8067373999999998
0.41686235
0.20324525
0.39046524999999993
0.34574979999999994
0.38043725
0.3557571
0.36551484999999995
0.39779305
0.21141254999999998
0.14000674999999999
0.21713149999999998
0.23756125
0.2231391
0.36523999999999995
0.20336484999999999
2.0440537
0.2161747
0.21874839999999998
0.1328549
0.1357759
0.24552844999999998
0.46636064999999993
0.35287979999999997
0.040214349999999996
0.25979765
0.21718554999999998
0.23167669999999999
0.06328564999999998
1.23196165
0.0809186
0.15861835
0.15051314999999998
0.20007009999999997
0.20454819999999999
0.20007009999999997
0.21844595
0.10733064999999999
0.14618915
0.14586485
0.21319159999999998
0.21933605
0.09981309999999999
0.10170944999999998
0.3807811
0.10833114999999999
0.339802
0.30280765
0.1010459
1.1199597
0.21825849999999997
0.17806254999999999
0.15659895
0.28093694999999996
0.3397859
0.32062115
0.21859199999999998
0.34282419999999997
0.22524244999999998
0.19420624999999997
0.31583599999999995
0.315928
0.1448103
0.2616457
0.28817849999999995
0.05527015
0.08098644999999999
0.28383725
0.26704839999999996
0.10461089999999999
0.23416874999999998
0.10487655
0.3635518
0.7045245
1.9986792999999998
0.84479805
0.15816064999999999
0.15225425
0.3737385
0.17718969999999998
0.04616215
0.3531259
0.3689798
0.3587632
2.90907565
0.5691315499999999
0.5704057499999999
0.3088256
0.38164244999999997
0.24701654999999997
0.3590691
0.2671059
0.2679063
0.2671059
0.3053687
0.3311126
0.19322645
0.3595889
0.36395774999999997
0.2184793
0.21434735
0.5952273499999999
0.34703895
0.25050219999999995
1.0371137
0.35495439999999995
0.46802584999999997
0.248216
0.24857939999999998
0.248216
0.2487013
0.2636168
0.2558842
0.5161487499999999
0.5865977499999999
0.36709495
0.36572645
0.39208214999999996
0.37716779999999994
0.23282784999999998
0.04604255
0.25595205
0.11177884999999999
0.21735459999999998
0.36570344999999993
0.26917935
0.2523997
0.4010004
0.4091907
0.04096645
0.3232305
0.18495104999999998
0.1039554
0.47427954999999994
0.35807895
0.19060675
0.36580579999999996
0.17744385
0.11578659999999999
0.25925024999999996
0.6564740499999999
0.32073615
0.24007974999999998
0.24546749999999998
0.1014484
0.09427814999999999
0.8160744999999999
0.42728365
0.38203345
0.24997895
0.2543294
0.26644465
0.269353
0.3662773
0.3977459
0.32095694999999996
0.40397544999999996
1.7545848999999998
0.43234249999999996
0.23149845
0.21421049999999997
0.21794339999999998
0.21714184999999997
0.21794339999999998
0.20546014999999998
0.2187346
0.21801239999999997
0.23582704999999998
0.25878219999999996
0.19793569999999996
0.16866934999999997
0.36732034999999996
0.3577857
0.1289265
0.38610675
1.51324475
0.38292239999999994
1.34431205
0.2967552
0.3046373
0.7838767999999999
0.12008184999999999
0.19993785
0.18407934999999997
0.18471415
0.21823895
0.21408054999999998
0.18764319999999998
0.025966999999999997
0.2259359
0.35907254999999993
0.3571348
0.3333574
0.18383899999999997
0.37267704999999995
0.38847689999999996
0.4869744
0.32359734999999995
0.36722029999999994
0.36758945
0.42409125
0.21591824999999998
0.2152892
0.22474334999999998
0.143796
0.36823575
0.14987374999999997
0.1299776
0.18389534999999999
0.27853805
0.17093024999999998
0.09682539999999998
0.2193993
0.20701265
0.17387655
0.02942045
0.22315174999999998
0.38604809999999995
0.06589614999999999
0.18162064999999997
0.36550334999999995
0.400315
1.14536435
0.28829809999999995
0.18068915
0.4933845
0.9799161499999999
0.3991098
0.33491219999999994
0.17987034999999998
0.3991098
0.35979704999999995
0.37332335
0.34124984999999997
0.08037925
0.16788504999999998
0.24556524999999998
0.31230205
0.3111233
0.2766877
0.36360354999999994
0.3610033999999999
0.22593014999999997
0.22949514999999998
0.1702713
0.41843554999999993
0.40514155
0.28131069999999997
0.38541099999999995
0.21959019999999999
4.409370249999999
2.9558128
0.2188542
0.4767072
1.4181662
1.3544676999999998
0.12069939999999998
0.72338105
0.20313369999999997
0.5556846
0.37530939999999996
0.51423745
1.99898175
0.2017537
0.39058025
0.06409179999999999
0.15564099999999997
0.0580244
0.16136569999999997
0.12167574999999999
0.2921276
0.2927992
0.2111515
0.21363549999999998
0.0579945
0.63454585
0.06989469999999999
0.09888504999999999
0.25479514999999997
0.23720244999999998
0.36475355
0.35979704999999995
0.19873724999999998
2.7928186999999998
0.17611905
0.8605771999999999
0.6355969499999999
0.21805034999999998
0.21702454999999998
0.2095093
1.1257453499999999
2.3381121499999997
0.2818581
0.25062179999999995
0.2027956
0.36099074999999997
0.21930729999999998
0.13454885
0.18447149999999998
0.42264224999999994
0.34765535
0.23610994999999999
0.4195936
0.1736017
0.028798299999999995
0.11342334999999998
0.1108002
0.1053078
0.2401476
0.2383306
0.2616342
0.45583009999999996
2.5686331
0.19084364999999998
0.0908868
0.22404299999999996
0.20740595
0.19084364999999998
0.29928979999999994
0.5480486
0.35197474999999995
0.21739255
0.32732565
0.33001434999999996
0.34021025
0.6564740499999999
0.09294759999999999
0.3903583
0.3776209
0.0904797
0.5006513499999999
0.36625659999999993
0.37610174999999996
0.3547865
0.15893575
0.38378375
0.5027984
0.49171584999999995
0.3565
0.5788111
0.595907
0.29844799999999994
0.30004649999999994
0.29844799999999994
0.27671415
2.44685615
0.36365759999999997
0.06312809999999999
0.7291092
0.20951619999999996
0.37307724999999997
1.7516512499999999
0.0536038
0.36081595
0.38740854999999996
0.32435404999999995
0.423545
0.12378829999999999
0.19896265
0.20260124999999998
0.38075465
0.33360234999999994
0.35403785
0.21653464999999997
0.21115264999999997
0.4535439
0.029126049999999997
0.36420155
0.04366435
0.05132104999999999
0.14592234999999998
0.15816064999999999
0.40821779999999996
0.23407904999999998
0.23291409999999999
0.19695474999999998
0.1864357
0.5946258999999999
0.11411679999999999
1.6597168
0.12266244999999998
0.23230114999999996
0.06175499999999999
0.25805195
0.32357434999999996
0.3615208999999999
0.28545645
0.09234614999999999
0.1859527
0.27294215
0.3396915999999999
0.5948535999999999
0.5125389
0.3396915999999999
0.20847314999999997
0.10510654999999999
0.07080434999999999
0.32139165000000003
0.01755475
0.07969845
0.31240555
0.23052784999999998
0.2504723
0.217074
0.18995469999999998
0.12022789999999998
0.34823265
0.19231334999999997
0.5948535999999999
0.13763545
0.16942834999999998
0.0852219
0.36550564999999996
0.38783519999999994
0.38635054999999996
0.1182959
0.32014735
0.29201029999999994
0.31588429999999995
0.32014735
0.28147515
0.6277769499999999
0.74212835
0.02910305
0.02227435
0.1251223
0.25020205
0.16178545
0.8866522999999998
0.16921904999999998
0.1015151
0.21218074999999997
0.3962187
0.36469145
0.4571917
0.28311274999999997
0.3962187
0.21146774999999998
0.36423144999999996
0.36384619999999995
0.21182769999999998
0.7764742499999999
0.06312694999999999
0.26378009999999996
0.25121519999999997
0.06512335
0.29498535
0.23018514999999998
0.14473324999999998
0.3221127
0.3309090499999999
0.0494017
0.50711895
0.1092201
1.0901907999999998
0.13072625
0.3017646
0.23794189999999998
0.22115535
0.3187892
0.36898325
0.13014435
0.14821774999999998
0.26368925
0.66845935
0.3000373
0.37386729999999996
0.35811804999999997
2.46445575
0.12707615
0.15197594999999997
0.33513414999999996
0.12016119999999998
0.36895564999999997
0.5834271999999999
0.41657944999999996
0.37767724999999996
0.26178945
0.0942195
0.16170265
0.13461095
0.1434027
0.09930939999999999
0.2084237
0.30441305
0.3090671
0.1369903
0.3566541
0.3794402
0.07208315
1.28796435
0.37638004999999997
0.7040276999999999
0.06705649999999999
0.14692974999999997
0.2425695
0.12596985
1.2875652999999998
0.41517414999999996
0.24258789999999997
0.25060685
0.2497892
0.25492395
1.0802283499999998
1.00782435
0.36912929999999994
0.07195204999999999
0.1352032
0.329337
0.35871834999999996
0.36656019999999995
0.02452145
0.6170186999999999
0.38897139999999997
0.35162285
0.2680719
0.23333729999999997
0.11249415
0.25825549999999997
0.25863729999999996
0.28336805
0.25511485
0.50296975
0.2168394
0.44999615
0.17696199999999998
0.21976154999999997
0.11465729999999999
0.8926438
0.8709053499999999
0.2017537
0.9422018999999999
0.23224825
0.1302697
0.2590513
0.39425910000000003
0.37142239999999993
0.1074652
0.33952944999999995
0.15102949999999998
0.24069269999999998
0.21825849999999997
0.21002335
0.37979209999999997
0.38119395
0.38849184999999997
0.1773783
0.5335953999999999
0.1853501
0.22569095
0.34019759999999993
0.30549519999999997
0.08408915
0.36445914999999995
0.33156684999999997
0.32348465
0.03908965
0.04184619999999999
0.18179889999999999
0.25111055
0.1474507
0.6561646999999999
0.20174219999999998
0.31659499999999996
0.12750509999999998
0.22714225
0.5904284
0.28071155
0.37481489999999995
0.2564109
0.21722465
0.49343164999999994
0.35884599999999994
0.3617715999999999
0.35560529999999996
0.21612179999999998
0.16532629999999998
0.36125755
0.3628066
0.19588639999999996
0.24732015
0.25245605
0.37173405
0.36534924999999996
0.12378829999999999
0.55219895
0.29485425
0.30004649999999994
0.11152125
0.3756636
0.36916724999999995
0.39067454999999995
0.217833
0.19545859999999998
0.24230844999999998
0.0565317
0.10829435
0.24190595
0.17555669999999998
0.07661414999999999
0.2966494
0.24222449999999998
0.33131845
0.36446949999999995
0.18520979999999998
0.23758654999999998
0.27424049999999994
0.22784029999999997
0.12135604999999998
0.20759455
4.351183699999999
0.13714555
0.40100154999999993
0.35415054999999995
0.38812844999999996
0.2150615
0.38028429999999996
0.36523079999999997
0.21947404999999998
0.3568726
0.14674344999999997
0.10887739999999999
0.53576315
0.33910395
0.10498695
0.09294759999999999
0.29280955
0.31440769999999996
0.6428845
0.1886621
0.20300259999999998
0.36580005
0.27373335
0.32407575
0.1255133
0.2088101
1.35248625
0.18371825
0.045766549999999996
0.0953189
0.34608789999999995
0.37430315
0.02207195
0.37346479999999993
0.36700524999999995
0.39035944999999994
0.3637806499999999
0.030141499999999998
0.10415549999999998
0.7672638999999999
0.28466525
0.4488403999999999
0.42317584999999996
0.21676924999999997
0.26549245
0.50783885
0.25060685
0.25615905
0.28500909999999996
0.28452035
0.25651555
0.1941614
0.19059179999999998
0.4327795
0.22873039999999997
0.2679063
0.29905289999999995
0.05402239999999999
0.33035705
0.8354048499999999
0.13318034999999998
0.1434625
0.1506868
0.27574814999999997
0.02106225
0.27293985
0.66132015
0.39732385
0.38504299999999997
0.39120354999999996
0.2706709
0.23051175
0.30515709999999996
0.5576281
0.34460669999999993
0.10918099999999999
0.2957455
0.11806475
0.304635
0.30496734999999997
0.28603835
0.1062002
1.43049765
2.5336938
0.32277279999999997
0.4919021499999999
0.35910244999999996
0.17323139999999998
0.0864041
0.26797645
0.63853175
0.24341014999999996
0.24453024999999998
0.24445204999999998
0.24341014999999996
0.22588644999999996
0.24453024999999998
0.13475929999999997
0.18426794999999996
0.4929474999999999
0.36267665
0.2157906
0.23077969999999998
0.18468539999999997
0.26797645
0.2593894
0.24990649999999998
0.2504723
0.06385605
0.34930215
0.33697415
0.21817915
0.22824395
0.22472725
0.22729174999999996
1.5071762
0.4918458
0.36297335
0.22928469999999998
0.36762164999999997
0.2772052
0.2180308
0.17929304999999998
0.17687345
1.8408992999999998
0.40851449999999995
0.27245454999999996
0.2680259
0.13405435
0.56574365
0.40851449999999995
0.23050025
0.0812498
0.35159064999999995
0.9127285499999999
0.18914855
0.33744565
2.7428856999999995
0.25863155
1.35028515
0.07900615
0.21586305
0.36035364999999997
0.38264639999999994
0.0868756
0.33170599999999995
0.09695305
1.3540824499999997
0.36332869999999995
0.021058799999999996
0.29730835
0.37352575
0.29716115
1.1081423
0.19841869999999998
0.19550115
0.2048978
0.14265519999999998
0.24742019999999998
0.36011445
0.16641075
0.1665821
0.28313459999999996
0.35608484999999995
0.33839094999999997
0.41201394999999996
0.1060415
0.3527739999999999
0.35210929999999996
0.36723294999999995
0.38317309999999993
0.38113299999999994
0.19584155
0.36249495
0.36532394999999995
0.2178905
0.81642755
0.28042174999999997
0.36473515
0.0630361
0.3607285499999999
0.40843975
0.34418924999999995
0.22857399999999997
0.3182947
0.33764344999999996
0.11651914999999999
0.37614889999999995
0.21695899999999999
0.29315684999999997
0.28966889999999995
0.17121315
0.09661149999999999
0.31209044999999996
0.1010137
0.10122184999999999
0.01149425
0.05648225
0.20740595
0.20976805
0.36525149999999995
0.29735664999999994
0.29642514999999997
0.42009959999999996
0.36163474999999995
0.21900484999999997
0.21993749999999998
0.40942644999999994
0.35168724999999995
0.35858494999999996
0.27808725
0.256634
0.3080574
0.30931435
0.22366694999999998
1.2064868499999999
0.93120445
0.21889215
0.17783024999999997
0.28340715
0.1121894
0.21115264999999997
0.33757444999999997
0.35432189999999997
0.3849027
0.35722794999999996
0.66410775
0.2580301
0.28625455
0.12615615
0.0373934
0.29976359999999996
0.36807244999999994
0.40270239999999996
0.23259094999999996
0.60553135
0.8037281
0.37593614999999997
0.051221
0.35323975
0.18209904999999998
0.22844059999999997
0.2370173
0.34064265
0.23697819999999997
0.1919396
0.07321935
0.210565
0.27963859999999996
0.35559955
0.20276914999999998
0.4585142
0.38222779999999995
0.1352515
0.31944815
0.32730265
0.021968449999999997
0.16532745
0.23738529999999997
0.158447
0.360364
1.8636232999999998
0.3438224
0.37086349999999996
0.38181609999999994
0.23350635
0.23437919999999998
1.4535608999999998
0.47471769999999996
1.1313125
0.3875523
0.37072089999999996
0.055875049999999996
0.3730301
0.5263642
0.06009325
0.31614305
0.4207527999999999
0.42788624999999997
0.83042995
0.34014354999999996
0.21202205
0.21559509999999998
0.2042147
0.21386894999999997
0.11841664999999998
0.11462624999999999
0.15159414999999998
1.5262270999999998
0.3552488
0.1780407
0.20865025
0.2316192
0.35340879999999997
0.30628294999999994
0.30702009999999996
1.0986134
0.36349429999999994
0.9815963
0.36083319999999997
0.051244
0.36026625
0.34892034999999993
0.34595795
0.37360855
0.3557548
0.36175894999999997
0.2788405
0.27842649999999997
0.50997785
0.24428529999999998
0.3330584
0.044113999999999993
0.35577089999999995
0.22118179999999998
0.5291184499999999
0.1313576
0.19670864999999998
0.13246044999999998
0.0499192
0.36135874999999995
0.2083639
0.23894009999999996
0.02798295
0.06485655
0.03485534999999999
0.13947199999999998
0.37337855
0.23338445
0.3877892
0.34771975
0.23640779999999997
0.4353417
0.25618664999999996
0.08657545
0.33301354999999994
0.20552914999999997
0.0634846
0.1414224
0.32825024999999997
0.2767705
0.96146095
0.23567064999999998
0.34161094999999997
0.342999
0.42671325
0.42427869999999995
0.40270239999999996
0.06312809999999999
0.12476235
0.1345109
0.3163581
0.49540504999999996
0.40647209999999995
0.06395379999999999
1.23196165
0.35767414999999997
1.6688397499999998
1.6868614
0.41215309999999994
0.3604169
0.1912818
0.60291165
0.46993369999999995
0.46593284999999995
0.21685205
0.2649393
0.0628406
0.34339919999999996
0.20057954999999997
0.19519984999999998
0.36733414999999997
0.3727794
0.11268275
0.33349539999999994
0.33939375
0.38289595
0.35441044999999993
0.35780294999999995
0.37333255
0.03749345
0.09598129999999999
1.7976420499999999
0.2563465
0.2564063
0.15664609999999998
0.06887235
0.4023942
0.38513155
0.2872907
0.32727849999999997
0.33314694999999994
0.28216284999999997
0.37413064999999995
0.3605871
0.28321854999999996
0.21458884999999997
0.1054711
0.25401199999999996
0.2180975
0.35904149999999996
0.38769029999999993
0.33364145
0.21102384999999999
0.21108364999999998
0.31673874999999996
0.21228655
0.36567469999999996
0.36579544999999997
0.35080979999999995
0.37692974999999995
0.39738824999999994
0.24709359999999997
0.14202384999999998
0.14283115
0.3662543
0.23561545
0.27172775
0.25511485
0.30255465
0.285292
1.07714405
0.35771784999999995
0.27356199999999997
0.05386025
0.12503029999999998
0.34021025
0.7595198
0.22655115
0.40167315
0.35504984999999994
0.24936139999999998
0.44279369999999996
0.2422084
0.3787985
0.3758568
0.36528599999999994
0.3813446
0.38691634999999996
0.11951144999999999
0.36192455
0.3485857
0.1653608
0.3827637
0.25950324999999996
0.36547575
0.32653214999999997
0.55063495
0.35794439999999994
0.37473785
0.42562764999999997
0.20038634999999996
0.11410989999999999
0.14273455
0.8134317999999999
0.41100425
0.214682
0.16643029999999998
0.38635054999999996
0.5699193
0.07082735
0.13513995
0.38623325
0.14450899999999997
0.22813584999999997
0.3092764
0.2658179
0.2763059
0.2848481
0.36349315
0.31789104999999995
0.23221029999999998
0.2612616
0.26038415
0.25293445
0.37576595
0.046159849999999995
0.059783899999999994
0.35172174999999994
0.38668405
0.36430504999999996
0.09637345
0.2771914
0.43293129999999996
0.33035014999999995
0.194235
0.26162155
0.34945394999999996
0.25129454999999995
0.3107369
0.36345405
0.35254285
0.3597867
0.36559189999999997
0.21652775
0.21495109999999998
0.357489
0.237613
0.3484155
0.36623245
0.5957874
0.62858655
0.34203069999999997
0.35943135
0.1735212
0.33404854999999994
0.38395854999999995
0.12087879999999998
0.12253135
0.30185429999999996
0.3495448
0.3399377
0.34919749999999994
0.2193625
0.3181383
0.3229936
0.373129
0.3595176
0.38132505
0.21498099999999998
0.33764344999999996
0.33652449999999995
0.32355939999999994
0.25416035
0.3000097
0.2568088
0.43179164999999997
0.39408545
0.37237115
0.36647854999999996
0.29600194999999996
0.357075
0.3085956
0.3053687
0.23607429999999996
0.17042885
0.25465024999999997
0.13303544999999997
0.21016364999999998
0.3243414
0.35794439999999994
0.1759983
0.35626194999999994
0.35100415
0.3694789
0.38446569999999997
0.19539074999999997
0.36394509999999997
0.22432934999999998
0.33923619999999993
0.26591335
0.3146929
0.43641119999999994
0.36245815
0.14010564999999997
0.25151765
0.26007594999999994
0.14219864999999998
