14814802.0
14020593.667729536
13369100.516977033
12825935.90063497
12354315.703240648
11923316.446039166
11534973.483354023
11180258.54824937
10845726.799389608
10535545.268074369
10245947.515920166
9968685.235484185
9707711.04979108
9461031.811886903
9222766.651408218
8996406.211616436
8780742.04478601
8571223.090326758
8370912.5672087455
8179010.18935225
7991810.657515961
7813029.664813776
7638158.411115606
7469853.945103677
7307607.754824211
7148595.669627302
6995872.917713472
6845919.992192116
6700936.90900214
6560597.766214915
6422624.48075139
6289600.308797231
6158643.949713821
6032279.339257045
5907729.442548154
5786826.288489067
5669350.606174421
5553512.398562362
5441427.021203669
5330801.128163164
5223706.630911382
5117916.129976652
5015460.100292389
4914171.412035408
4815534.3842756925
4719402.992599273
4624376.941628447
4532164.759003749
4440954.289368017
4352423.729822024
4264802.119957189
4179738.6712817894
4095500.7986103077
4013710.0022563296
3932669.56802395
3853571.647965369
3776317.634271453
3699804.5067297947
3625409.861060322
3551695.5814677635
3480018.4931687694
3408966.5101511385
3339876.5158557985
3271361.0323520517
3204737.7841773424
3138642.607838751
3074374.8083410286
3010592.3552538943
2948576.832355886
2887007.259813124
2826830.6415221225
2767976.7242784924
2709593.2647327487
2652764.7226804136
2596373.132913786
2541489.4786208305
2487011.6376280678
2433997.577142147
2381360.3404715336
2330145.3159540473
2279280.082891326
2229797.8657681914
2180640.193745843
2132828.521718518
2085317.7818014256
2039118.0340741626
1993197.1022969796
1948554.008215018
1904168.988314228
1861030.3653057537
1818130.339029775
1776202.3836864494
1735195.4721434899
1694466.5840630154
1654846.0550116112
1615486.1196428586
1577208.8700616602
1539175.7628635534
1502200.8779014742
1465454.591333396
1429743.191882995
1394245.6893890228
1359760.7930453864
1325475.8757371348
1292182.2697330604
1259075.4544469104
1226939.5793272287
1194977.9868919149
1163967.8298380477
1133120.0825267455
1103205.0793707136
1073441.2066314416
1044592.1517095931
1015883.5033715176
988072.4664647153
960391.632708281
933591.8823993679
906912.6198569804
881098.5527097564
855395.7161326298
830542.7911608657
805792.2701480512
781694.4317451435
758211.1134152188
734874.1339138588
712295.0910180282
689854.0812759384
668158.0358402997
646592.0773994288
625758.5730386558
605047.5489578597
585056.9071375448
565181.4596455244
546014.7388933506
526956.2298754386
508595.18770177953
490335.661792185
472762.71910335287
455284.86917591613
438483.0769834947
421770.21185315575
405723.22010090697
389759.2342652185
374451.26261122664
359220.60787660413
344636.41828283
330124.07713401166
316248.94812845474
302440.4087120371
289260.11120042996
276141.34380449424
263642.11831901193
251199.55324092388
239368.08852292734
227588.5952264657
216412.00804889845
205282.8755200835
194748.69166294124
184257.60988136806
174353.7461807096
164488.78862992916
155203.53602731
145953.1431739169
137275.15069892767
128628.11437557543
120546.37399946587
112491.82263208582
104995.65493526691
97523.03955937833
90602.08015997731
83701.16117517401
77215.03547616732
71114.42870013611
65076.11716446152
59526.238991528444
54035.16294314103
49026.65232575189
44073.562497779225
39597.320610620605
35173.22538373272
31220.40545407127
27316.56091929702
23878.558558858407
20486.45906780462
17554.90307628807
14666.272249857784
12233.015862267115
9839.798030977301
7896.910582868572
5991.262633712297
4531.021620224338
3105.3052267245585
2120.1887328905054
1166.9629465602393
649.6424279008875
161.6566107746837
104.99000456390635
75.17708380321424
472.20223268058555
893.6722594935651
1737.6006302871026
2603.6346265497937
3887.8453082720134
5191.889385298631
6909.923351298736
8645.58308619311
10791.137706393662
12952.172762325905
15519.09655234868
18099.41552995005
21081.70312475322
24075.358632606974
27467.14597300945
30868.329905950246
34663.889627127646
38466.9286417408
42660.6656534286
46860.016830776716
51446.46407953057
56036.7107657228
61010.52517015328
65986.37298592545
71342.33153635518
76698.60454734502
82431.60056183102
88163.23760170475
94268.2771308332
100370.32826987501
106842.52664316587
113310.14979536133
120144.72830252122
126973.18596454528
134165.46866519604
141350.12478110113
148895.53543695083
156431.85238267647
164325.91150643717
172209.4471885952
180447.76920426948
188674.17426795248
197252.4647773891
205817.4799180414
214731.53306893934
223630.98644358452
232876.68239438304
242106.48712775946
251679.78960509395
261235.94138647558
251698.63397569658
261216.48657518183
251717.25455558673
261197.2647909359
251735.65574485224
261178.27142433485
251666.43553107095
261229.6418633715
251684.71747130813
261210.78698237092
251702.78896248896
261192.15095210442
251720.65401622324
242576.02868302347
251702.9260187777
242593.00712301148
251685.39993793194
242609.79528649786
251668.0719742756
242626.3967054569
251650.9384276685
242642.81482069087
251633.99569393662
242659.05298483444
251617.24026169546
242675.11446523925
251600.66870930055
242691.0024467461
251584.27770192485
242706.72003434226
251568.06398874542
242722.27025572254
251552.02440024412
242737.65606374375
251536.15584561476
242752.8803387903
251520.4553102654
242767.94589104305
251504.91985342253
242782.85546266602
251489.54660582362
242797.61172991068
251474.33276749612
242812.21730513897
251459.27560562524
242826.67473877163
251444.37245249352
242840.98652116527
251429.62070350628
242855.15508441886
251415.01781528123
