14814801.0
14009554.799763892
13368759.617001506
12825934.90063497
12349948.867319297
11923292.973993255
11534972.483354023
11177551.114266548
10845722.666265685
10535544.268074369
10243991.514778085
9968684.379060728
9707710.04979108
9459503.847402334
9222766.522273766
8996405.211616436
8779490.276061757
8571223.089701524
8370911.5672087455
8177951.271391574
7991810.620780921
7812019.159668509
7638158.149706863
7469852.945103677
7306766.754824211
7148595.49538762
6995063.509911023
6845919.981632968
6700935.90900214
6559901.538470665
6422624.173095433
6288926.291823788
6158643.927270327
6031625.259847176
5907729.393994648
5786825.288489067
5668790.817762504
5553511.94514184
5440881.992118055
5330800.990355568
5223175.105271842
5117916.121756933
5014940.984036771
4914171.382872318
4815533.3842756925
4718957.094751337
4624376.358764449
4531728.484724037
4440953.996263114
4351996.406018921
4264802.009474436
4179319.696728755
4095500.7803267534
4013298.837504529
3932669.56540231
3853570.647965369
3775961.63340006
3699803.8211796214
3625060.1577056213
3551695.139828226
3479674.725513715
3408966.2510225787
3339538.354027508
3271360.9021587665
3204404.9265158903
3138642.5597302397
3074046.9782034126
3010592.348182472
2948253.7753650364
2887007.2577558598
2826829.6415221225
2767698.5796175515
2709592.4929660186
2652490.5340137416
2596372.5524757914
2541219.0631175647
2487011.2154254
2433730.7650326784
2381360.0467788083
2329881.949288464
2279279.890967532
2229537.797320441
2180640.0795010542
2132571.614016102
2085317.7235063482
2038864.1585363827
1993197.0803290629
1948303.0443854148
1904168.9849351018
1860782.200166571
1818130.3381896159
1776201.3836864494
1734983.6452104608
1694465.743094651
1654636.597934362
1615485.4196113036
1577001.6968281094
1539175.1871246973
1501995.907349589
1465454.1245611177
1429540.3473350387
1394245.3174565856
1359560.001976392
1325475.5856109788
1291983.463469729
1259075.2340913592
1226742.6927739442
1194977.8251835098
1163772.8012271044
1133119.9691770964
1103011.8500342206
1073441.1321176207
1044400.6658708174
1015883.4588731568
987882.6710468968
960391.6100506302
933403.7268502675
906912.6114592835
880911.9888403964
855395.7149612497
830357.7729970982
805792.269673844
781693.4317451435
758055.6025976195
734873.2389785358
712140.9078405723
689853.2832986261
668005.1436938068
646591.3687600563
625606.9368890349
605046.9224891453
584906.4934347603
565180.9086019207
545865.515486946
526955.747904572
508447.12376239593
490335.24290855776
472615.78504973504
455284.5077366642
438337.24441452796
421769.9025356782
405578.4617322713
389758.97204651136
374307.5522162942
359220.3880141496
344493.7306374669
330123.8951480875
316107.2589594197
302440.260369325
289119.3971370897
276141.22510287724
263502.3568481198
251199.46039537416
239229.25794623225
227588.524655932
216274.08744337325
205282.82383529752
194611.6608434371
184257.57387349525
174217.58566485974
164488.76525999728
155068.22700252075
145953.12956296062
137140.67499130886
128628.10779544163
120412.71404456407
112491.82049684868
104862.79375047675
97523.03941731773
90470.00131851574
83701.160701275
77214.03547616732
71006.17947430599
65075.181723760266
59418.66574460174
54034.288862001646
48919.741536816735
44072.746713122426
39491.05918217132
35172.46496227613
31114.78069413034
27315.853051101098
23773.558164042875
20485.801060197387
17450.515115760685
14665.661521712458
12129.228762517
9839.232107319149
7793.71311327007
5990.739140632761
4428.402879326519
3104.8218865823437
2018.1381353930533
1166.5175734506322
2015.654685395212
1168.3925374871574
2013.2105484442745
1170.2405647055398
2010.8047069743457
1172.0622993103202
2008.4361797399536
1173.8583640434858
2006.1040201712358
1175.6293610978935
2003.8073148191645
1177.3758729834046
2001.5451818848226
1179.098463348879
1999.3167698276252
1180.7976777623292
1997.121256047315
1182.4740444519155
1994.957845635471
1184.1280750103135
1992.8257701919906
1185.760265064139
1990.7242867026682
1187.3710949107135
1988.6526764742696
1188.9610301241228
1986.6102441235053
1190.5305221319304
1984.596316616746
1192.080008764848
1982.6102423578016
1193.6099147800692
1980.6513903203033
1195.1206523604144
1978.7191492228808
1196.6126215902907
1976.8129267442491
1198.0862109096352
1974.9321487757645
1199.5417975473645
1973.0762587099398
1200.9797479350332
1971.2447167623986
1202.4004181022406
1969.436999325641
1203.8041540540473
1967.6525983527338
1205.1912921320713
1965.8910207695408
1206.562159359749
1964.1517879137953
1207.9170737724783
1962.4344349994137
1209.2563447335372
1960.7385106050688
1210.5802732367747
1959.0635761856054
1211.889152196071
1957.4092056048162
1213.1832667230312
1955.7749846890665
1214.4628943927705
1954.1605108001056
1215.7283054988627
1952.5653924263704
1216.9797632976765
1950.9892487918992
1218.217524242997
1949.4317094818155
1219.4418382107585
1947.8924140837164
1220.6529487151547
1946.3710118439403
1221.8510931157682
1944.867161338216
1223.036502816842
1943.3805301559282
1224.2094034582865
1941.9107945973099
1225.3700150997402
1940.457639382923
1226.5185523970042
1939.0207573747932
1227.6552247719571
1937.599849308968
1228.7802365760726
1936.1946235384714
1229.8937872474442
1934.804795786554
1230.9960714619922
1933.4300889095766
1232.0872792792063
1932.0702326690769
1233.1675962821203
1930.7249635127632
1234.237203712484
1929.3940243639463
1235.2962786007067
1928.077164418886
1236.3449938911613
1926.774138951845
1237.3835185630003
1925.484709127532
1238.4120177465384
1924.2086418205706
