15136231.84878369
14221967.663633619
13508845.255464783
12915503.515039403
12403864.83474648
11952520.595628042
11548029.24931251
11181300.618798628
10845848.851002034
10536854.778082132
10250621.979996901
9984241.687240155
9735376.20222713
9502113.327948023
9282865.276826557
9076296.501665745
8881270.938284464
8696812.637338044
8522075.853394272
8356321.954929138
8198901.345632499
8049239.128742432
7906823.608813796
7771196.973374253
7641947.669738399
7518704.114693582
7401129.462859031
7288917.223784393
7181787.565343214
7079484.17648709
6981771.589270681
6888432.8805579245
6799267.689622768
6714090.500147551
6632729.1447582645
6555023.4978496665
6480824.328512586
6409992.290230777
6342397.027929754
6277916.386136145
6216435.704597477
6157847.189838025
6102049.352879037
6048946.504803799
5998448.303056687
5950469.342375875
5904928.785107717
5861750.026365879
5820860.390103374
5782190.852679415
5745675.790940893
5711252.752212664
5678862.243911985
5648447.540778753
5619954.507951692
5593331.438327003
5568528.9028151
5280533.116931379
5224760.72657331
5172278.844718502
5115377.06780827
4967563.120278849
4842419.212798206
4761023.824947186
4637958.075447678
4501937.8387158755
4385465.0751656825
4277499.649572353
4166630.1392991003
4057189.9934840114
3955667.78460815
3848238.2481998685
3747029.875733462
3643823.0953969564
3553552.565124796
3464691.299388934
3377239.5489052013
3276929.3844855577
3198364.78773761
3112132.753874848
3025959.364903316
2946819.5141430935
2865790.694007666
2781968.5088478746
2709503.2959302305
2637748.5908919955
2564297.404074667
2495072.354673134
2427038.717764293
2358071.0882269847
2292546.7472691652
2232844.3548218086
2169356.8364858907
2106837.3716994612
2048611.7049628252
1990901.6389088836
1933958.9909445215
1879315.236945462
1825665.2627892145
1772617.1745559666
1720256.4196324614
1670050.0879473337
1621601.1962391785
1575294.7756739692
1529238.7437191475
1483455.434085127
1438046.3057320702
1394758.694067489
1353386.8185537274
1311599.7752908203
1272353.8683573967
1232557.9180257383
1193775.374158804
1144910.6297875568
1109490.9681960065
1073728.83970789
1039742.4770784166
1006523.8381335388
983015.3669269178
949701.5783630293
910690.4485900847
880605.9968611884
851670.3265790886
822797.2803925691
794829.5890757745
768299.7463392786
740628.1582354386
714614.8228092538
1162041.7303642626
665176.8199374701
640496.8978723452
617566.2939562355
594658.2770468751
572371.3094674516
548745.4660269025
527911.629209903
507892.828594218
488598.1880023673
468135.98312477494
449244.90133910626
431189.1513684682
413843.09728512925
396410.6089234251
378396.13440397964
363684.8558457971
346821.73033134796
331203.77571164764
316971.1298390294
302632.9420993826
338997.55344370013
276672.3893368723
263927.28061932296
251530.2754880138
239477.97778473576
743038.8862601389
225135.3920068848
210619.77516261337
198081.11503394137
186055.49193570716
174506.72259803076
165597.37511113135
158157.7047693705
152270.97218170762
149910.33045050476
149076.63318128977
140338.8848431103
150296.45800318758
200643.67049107002
108200.09725036994
105183.86218703052
93601.5379456132
98330.1852504815
87504.02955963339
98550.55756766452
81566.46315474686
75675.11963449404
62266.421410593895
103701.79857539348
58560.73364131724
57713.285937070505
60602.28634059408
74738.4095095762
70568.29190731923
155412.75640644177
58346.99093480488
530116.0231259181
527579.5903667234
90794.11018087242
88060.18758219076
67116.72584701836
55625.15758907177
48164.18732838697
38348.48431501931
34299.11801545322
42507.84811180578
53842.62201126604
61308.36943224931
100616.96285256014
167467.30778637226
55818.91574708333
63204.614694127944
63562.714197169684
74898.87361272794
66743.46409641167
94201.14064479305
77905.42385508826
71734.4333936609
131264.7551223787
95977.45760779266
84950.47760793287
97716.76829340728
218501.4317578215
221192.7361089042
546318.5229829003
550017.8307253893
122434.72940413086
177564.1508903494
181237.9202775179
162714.44005472946
154916.3580707383
146921.38776356704
140624.66360010035
159614.90862717954
185028.7202511315
205185.06741784947
304563.55184743035
192882.86497100277
206327.80838584062
212120.89785915375
209624.66647635953
223973.542700045
229936.43613152998
252244.14114625848
258510.4011863807
244699.45163580144
258523.8682165693
244685.65947053512
258537.1663455983
244672.0412689965
258550.29907813127
244658.5934081275
258563.26981781438
244645.31236957863
258576.08187097064
244632.19473584712
258588.7384501666
244619.2371865964
258601.24267759747
244606.43649513743
258613.59758833385
244593.78952505082
258625.8061334202
244581.29322697886
258637.87118284582
297275.11696047796
303637.4318976508
310163.5190538708
272987.0363111061
310176.2754356796
261533.1191519159
310188.88583622786
261520.25920163735
310201.3530210863
261507.54601001996
310213.67968298605
261494.97680913226
310225.8684442788
262560.45919114526
310237.9218592783
277239.2935245536
310249.8424165173
277227.1469703003
310261.6325409035
277215.13396392757
310273.29459580744
277203.2520780729
310284.8308850502
277191.4989466701
310296.2436548164
277179.872262963
310307.5350955031
277168.3697776241
310318.70734347997
277156.9892969153
310329.7624828043
277145.72868094133
310340.7025468436
277134.5858419646
310351.52951985487
277123.5587427782
310362.2453385064
277112.64539514756
310372.85189332324
277101.8438583061
310383.3510301059
277091.15223750914
310393.7445512659
277080.5686826403
310404.0342171429
