15136231.84878369
14221967.663633619
13508845.255464783
12915503.515039403
12403864.83474648
11952520.595628042
11548029.24931251
11181300.618798628
10845848.851002034
10536854.778082132
10250621.979996901
9984241.687240155
9735376.20222713
9502113.327948023
9282865.276826557
9076296.501665745
8881270.938284464
8696812.637338044
8522075.853394272
8356321.954929138
8198901.345632499
8049239.128742432
7906823.608813796
7771196.973374253
7641947.669738399
7518704.114693582
7401129.462859031
7288917.223784393
7181787.565343214
7079484.17648709
6981771.589270681
6888432.8805579245
6799267.689622768
6714090.500147551
6632729.1447582645
6555023.4978496665
6480824.328512586
6409992.290230777
6342397.027929754
6277916.386136145
6216435.704597477
6157847.189838025
6102049.352879037
6048946.504803799
5998448.303056687
5950469.342375875
5904928.785107717
5861750.026365879
5820860.390103374
5782190.852679415
5745675.790940893
5711252.752212664
5678862.243911985
5648447.540778753
5619954.507951692
5593331.438327003
5568528.9028151
5545499.612266872
5232311.742218692
5172278.844718502
5115377.06780827
4967563.120278849
4852102.219397096
4772691.859747397
4649548.424254709
4525940.247825602
4396071.230124938
4288426.273520108
4176832.922899951
4067844.595697837
3962445.856025954
3858821.6276012007
3757280.629158491
3662172.290925644
3562811.8962276145
3468340.4902870795
3383471.157017464
3288685.1721979124
3200477.3256359166
3118937.9486845843
3035483.036428937
2953154.2104665535
2873718.4950935533
2790568.923221766
2716075.3940075743
2642342.804768117
2569605.2267488586
2500255.2223000997
2430912.346275511
2363208.2548772097
2296261.906592747
2232844.3548218086
2172530.109223887
2105040.9574128347
2054790.2861717856
1995542.4685259738
1937840.9276341512
1880782.197551463
1827579.121819346
1774857.2691882672
1721900.9442856705
1671724.3413663507
1620816.920173748
1575452.3221699337
1531580.1343349072
1484064.4330598586
1440177.3326635198
1396754.3635185675
1353854.8221493294
1313521.06303516
1272545.9436290828
1233389.0558711272
1184012.2216797485
1157042.667720707
1110483.9269174892
1074927.4091561043
1040274.9795860071
1006671.2798843009
984226.6393590309
949701.5783630293
911718.7128210769
880605.9968611884
852066.9203167161
822797.2803925691
795713.6505038221
767943.5179467953
741527.0588124379
714505.1678683332
1162041.7303642626
665176.8199374701
641847.7750271108
617022.6670804229
594755.6761350092
572125.8193504299
548745.4660269025
529241.0080750192
506756.06072870066
488598.1880023673
469827.21730676113
449244.90133910626
431986.56628783187
413843.09728512925
397118.5117880908
380207.7356537504
359675.0595131828
346821.73033134796
331203.77571164764
317669.49324670737
303220.78414828033
338997.55344370013
276672.3893368723
263573.6233238234
251530.2754880138
239477.97778473576
743038.8862601389
225135.3920068848
210619.77516261337
198081.11503394137
185686.89072776248
174574.93198759708
165746.34824218275
158157.7047693705
152270.97218170762
145630.9520833799
149076.63318128977
158864.91969710984
150296.45800318758
200643.67049107002
108200.09725036994
105183.86218703052
93601.5379456132
98330.1852504815
87504.02955963339
98550.55756766452
81566.46315474686
75675.11963449404
63631.642360169586
103701.79857539348
58560.73364131724
57713.285937070505
60602.28634059408
74738.4095095762
70568.29190731923
155412.75640644177
58346.99093480488
530116.0231259181
527579.5903667234
90794.11018087242
88060.18758219076
67116.72584701836
55625.15758907177
48164.18732838697
38348.48431501931
34299.11801545322
42507.84811180578
53842.62201126604
61308.36943224931
100616.96285256014
167467.30778637226
55818.91574708333
63204.614694127944
63562.714197169684
74898.87361272794
66743.46409641167
94201.14064479305
77905.42385508826
79344.50678524196
131264.7551223787
95977.45760779266
84950.47760793287
97716.76829340728
218501.4317578215
221192.7361089042
546318.5229829003
550017.8307253893
122434.72940413086
177564.1508903494
181237.9202775179
162714.44005472946
154916.3580707383
146921.38776356704
136988.09076514913
159614.90862717954
185028.7202511315
299284.2186437594
304563.55184743035
192882.86497100277
206327.80838584062
212120.89785915375
209624.66647635953
223973.542700045
229936.43613152998
234226.4749874818
229200.11650973186
253131.55868558536
259398.46393281705
245586.9711061963
259411.8175417145
245573.29771197893
259425.00506062468
245559.79534547514
259438.02990751315
245546.4604741972
259450.89540262695
245533.28966691214
259463.60477205052
245520.27958993815
259476.16115112163
245507.42700361813
259488.56758767876
298201.9537139616
304641.5202701609
271717.22386104317
304654.36080952344
271704.12679711095
304667.05155625695
271691.18329194223
304679.5954027952
271678.39037073014
304691.9951639401
271665.74513868283
304704.25357952056
271653.2447782874
304716.373316943
271640.8865466738
304728.3569736355
271628.66777309455
304740.2070793874
271616.58585650136
304751.9260986046
271604.6382632288
304763.5164324571
271592.82252476783
304774.9804209613
271581.1362356218
304786.3203449621
271569.57705126033
304797.5384280464
271558.14268614684
304808.6368383771
271546.8309118386
304819.6176904562
271535.63955517364
304830.4830468251
271524.56649651745
304841.23491969064
271513.6096680781
304851.87527249666
271502.7670522944
304862.4060214327
271492.03668026713
304872.8290368853
271481.4166302764
304883.14614484005
271470.90502632
304893.3591282241
271460.5000367444
304903.46972820524
271450.19987288985
