15136231.84878369
14221967.663633619
13508845.255464783
12915503.515039403
12403864.83474648
11952520.595628042
11548029.24931251
11181300.618798628
10845848.851002034
10536854.778082132
10250621.979996901
9984241.687240155
9735376.20222713
9502113.327948023
9282865.276826557
9076296.501665745
8881270.938284464
8696812.637338044
8522075.853394272
8356321.954929138
8198901.345632499
8049239.128742432
7906823.608813796
7771196.973374253
7641947.669738399
7518704.114693582
7401129.462859031
7288917.223784393
7181787.565343214
7079484.17648709
6981771.589270681
6888432.8805579245
6799267.689622768
6714090.500147551
6632729.1447582645
6555023.4978496665
6480824.328512586
6409992.290230777
6342397.027929754
6277916.386136145
6216435.704597477
6157847.189838025
6102049.352879037
6048946.504803799
5998448.303056687
5950469.342375875
5904928.785107717
5861750.026365879
5820860.390103374
5782190.852679415
5745675.790940893
5711252.752212664
5678862.243911985
5648447.540778753
5619954.507951692
5593331.438327003
5568528.9028151
5545499.612266872
5524198.2899769135
5504581.553789957
5486607.806941018
5470237.136851241
5455431.221182075
5442153.240521516
5430367.7971389815
5420040.839301177
5411139.590690654
5066090.086341834
5026465.740854995
4993722.6210705675
4946229.336088573
4805991.235059768
4745151.887336776
4623112.177704847
4516011.018435555
4410310.390688887
4310709.305158728
4212844.492198249
4125611.466907567
4035282.4870192963
3940220.8540260335
3851246.589284465
3753263.378720156
3667306.354438006
3584873.3938112175
3494197.8190051476
3417240.180505238
3331286.3112528767
3245988.395051766
3171235.8624567296
3095368.5176120596
3016713.1578675387
2943752.4116438422
2862825.632053845
2799286.3326107
2724266.517286886
2657729.886255753
2589406.8868615855
2520074.861300431
2456200.625752424
2392388.9558360474
2322944.3015334914
2264708.1418864685
2205837.960550211
2145210.140075101
2086867.9314350695
2026367.5989537444
1974206.6393950947
1918194.112042839
1864304.1212325925
1812401.8922477195
1760620.6770529195
1709473.5970014639
1658595.096118499
1604248.7391724216
1561729.8096092856
1517479.0149604562
1472580.3924592286
1425314.8322346616
1382365.2644827247
1340896.3626373454
1298788.3566971614
1258193.058556983
1217563.7029681166
1178056.9978597134
1139671.6621613891
1099935.5771961003
1065719.868008314
1029621.8378444455
995827.2227587105
961713.2975689915
925992.061747967
895840.420526999
863508.7300782643
832142.0893446304
801707.2402138747
772172.7971866356
744659.8368913495
715688.1622461034
688998.173531995
662652.8550024065
622360.6056240262
611015.7710577406
586416.8639810941
562643.6945812554
526830.3255251378
503430.90307807154
481713.2300848402
460119.0182740936
438920.2918947834
419455.86516427173
399656.3551263156
380613.29341055336
362137.5674331471
344413.53732562205
326521.730471351
309732.3829992155
294004.5291033987
278499.2732823251
262689.5334386497
247715.8692452891
233681.9708146696
220178.36141227148
206941.5803324347
194113.60359768246
180946.41795798807
169152.2016369614
158467.48956558105
147276.10988905624
137993.09667389293
127685.06514560734
117413.45292802149
107184.9831944716
97773.8285678067
90533.60492601189
569484.6504662081
564370.1031410232
66469.81466058396
61302.94860768861
54191.33605849459
43944.877273676415
39229.31646864803
26396.424715308065
28460.90401657902
20545.345804968194
18010.075581056524
15732.19655106367
35660.68860070354
11940.413715818839
10110.071964549248
8318.805523687504
3584.4086754304003
2576.4247598471406
4149.711476982263
2574.186324001109
4151.002602267997
2571.983522573264
4152.27569257472
2569.8154293769344
4153.5311684542185
2567.6811513943912
4154.7694367788035
2565.579827271068
4155.990891309284
2563.5106258914407
4157.195913236488
2561.472745032736
4158.384871692711
2559.465410090522
4159.558124240848
2557.4878728727804
4160.716017336682
2555.5394104570582
4161.85888677067
2553.6193241078254
4162.98705808825
2551.7269382490636
4164.100846988357
2549.861599490208
4165.200559705716
2548.02267570171
4237.38154102063
2546.2095551362067
4238.4479140250705
2544.4216455948877
4239.50115694372
2542.6583736338685
4240.541539846907
2540.9191838098395
4241.569325048058
2539.203537963269
4242.584767390405
2537.510914534643
4243.58811451647
2535.8408079143674
4244.579607131798
2534.192727823088
4245.559479250484
2532.5661987214257
4246.527958435614
2530.9607592468165
4247.485266025619
2529.3759616766124
4248.431617351952
2527.8113714153155
4249.367221949231
2526.2665665061822
4250.292283753454
2524.74113716356
4251.2070012946815
2523.234685326556
4252.111567879355
2521.746824233198
4253.006171767052
2520.277178012344
4253.890996339485
2518.825381293987
4322.197916551568
2517.3910788362805
4323.059151884018
2515.973925168261
4323.91118263732
2514.573584248503
4324.754173243195
2513.1897291377195
4325.588284028591
2511.822041684947
4326.413671347522
2510.4702122279696
4327.230487705912
2509.1339393038443
4328.038881881873
2507.8129293740894
4328.838999045567
2506.5068965589553
4329.630980868606
2505.2155623834096
4330.414965632594
2503.93865553305
4331.19108833429
2502.6759116201283
4331.959480784429
2501.4270729582568
4332.7202717035425
2500.191888346266
4333.473586816795
2498.9701128609536
4334.219548941681
2497.761507656239
4334.958278074278
2496.5658397731095
4335.6898914728645
2495.3828819531495
4336.414503737939
2494.2124124623083
4337.132226888732
2493.054214918778
4401.882802506781
2491.908078129712
