15992001.0
14432401.0
13377881.53530892
12546533.262818811
11848111.544833858
11240368.441393238
10699547.063955603
10210730.182049934
9763829.082647642
9351645.175090555
8968829.556479506
8611279.399548305
8275766.073372292
7959694.782539903
7660943.005814278
7377748.298043344
7108628.190208093
6852321.633380258
6607745.302871619
6373960.3988509085
6150147.017514
5935584.084391114
5729633.442152084
5531727.087795499
5341356.829405282
5158065.824464009
4981441.597610195
4811110.233495766
4646731.511727934
4487994.80358913
4334615.589642649
4186332.4871273558
4042904.6987988194
3904109.812414912
3769741.8937050733
3639609.8263581614
3513535.861014906
3391354.341976678
3272910.585731308
3158059.8897423395
3046666.653473562
2938603.596497057
2833751.0608925596
2731996.3870913964
2633233.3539301343
2537361.675020769
2444286.5446659294
2353918.2274892484
2266171.686744827
2180966.246941282
2098225.2869862276
2017875.9605430702
1939848.9407075716
1864078.1864681204
1790500.728720387
1719056.4738717445
1649688.0232999246
1582340.5071291958
1516961.4309603316
1453500.5343415288
1391909.6598994215
1332142.6321649565
1274155.1452305485
1217904.658464373
1163350.2995866102
1110452.774482239
1059174.2831868182
1009478.4415365736
961330.2080229206
914695.8154350335
869542.7069128739
825839.4760677934
783555.8108588884
742662.440941139
703131.0882264076
664934.4204208778
628046.007322811
592440.2796827962
558092.4904452147
524978.6782046001
493075.63272413303
462360.8623758086
432812.56337297685
404409.5906761269
377131.43046201585
350958.17405468615
376976.08744291286
351105.4691023684
376826.0704459147
358397.2742897757
384083.56315669615
358536.36236295936
383941.9579292197
358670.9895260116
383804.896781246
358801.38949115656
383672.1420294846
358927.7791703323
383543.47302884347
359050.3601972518
383418.6846342166
359169.32028420997
383297.5858286196
359284.83443443227
383179.9984968201
359397.0660277993
383065.75632658205
359506.16779529076
382954.70382212277
359612.28269538516
382846.6954164891
359715.5447038634
382741.59467133996
359816.07952695026
382639.2735541508
359914.00524644705
382539.6117841348
360009.43290437676
382442.4962392992
360102.46703374584
382347.8204179933
360193.20614118787
382255.4839491301
360281.7431465648
382165.3921459663
360368.1657839916
382077.4555989381
360452.55696822086
381991.5898035726
360534.9951298718
381907.71481996716
360615.5545225863
381825.75496070855
360694.3055048454
381745.63850447943
360771.3147988912
381667.2974328843
360846.6457289078
381590.6671883021
360920.3584404072
381515.6864508133
360992.5101025419
381442.2969324454
361063.1550948959
381370.4431871763
361132.34518014366
381300.07243528694
361200.1296638199
381231.1344007944
361266.5555423241
381163.5811608406
361331.66764017066
381097.3670060019
361395.5087373978
381032.44831060077
361458.1196879546
380968.7834121839
361519.53952981386
380906.3324994088
361579.80558748863
380829.32137064735
361623.61935600196
380763.20137823315
361675.8484149647
380684.39448167547
361713.58100267965
380626.43807081995
361769.5709810283
380543.01395994815
361798.725410657
380487.1072765733
361852.762940287
380417.5561983008
361891.6043511174
380358.99336987815
361939.3264382672
380287.0512462502
361972.21185820777
380234.8987030096
362022.6695691572
380161.4372842573
362050.64763450576
380111.00754315074
362099.4608067019
380045.72943455563
362132.18562947307
379996.4292570756
362178.953833548
379925.9820428064
362203.56356745056
379878.7263585488
362249.3439563211
379819.9738807863
362282.4634041856
379770.1043721781
362322.8605133353
379709.28406481777
362351.1986031792
379664.88293748983
362394.2481615929
379601.82581027114
362417.7755990894
379558.74628434086
362459.559729821
379503.53633512487
362488.2578837491
379460.3543869951
362527.50896444597
379401.30025581736
362550.0719314165
379360.6752644108
362589.503965722
379308.0432582907
362616.0786991755
379268.0737304661
362653.9414228803
379211.13275325747
362674.14048426657
379172.7379820361
362711.4331745328
379124.6859371996
362738.26125607616
379084.3519150629
362771.6419917159
379034.17154357967
362794.4156796852
378997.8101702726
362829.75595117867
378946.8238069226
362849.8540992955
378911.4129661234
362884.28105777083
378864.8857795376
362906.9368996539
378830.3846587845
362940.4893800872
378780.43400307995
362958.064427519
378746.8045420889
362990.7786516177
378704.88899163884
363014.56147021794
378669.1666668315
363043.60496585286
378625.54655962286
363064.1286238054
378593.55395056197
363095.2677706712
378547.96528140386
363112.33674382133
378516.74212796276
363142.73502816027
378476.69626654556
363163.76637893275
378445.1226885245
363192.38572254824
378402.161125358
363209.15135173337
378372.3873827286
363238.15330513945
378333.4662871839
363257.52203779365
378304.3757005443
363285.8654934184
378261.8639394283
363300.41104572744
378233.43096542824
363328.12039688765
378198.4609986383
363348.8013908377
378167.4327130917
363372.7356712525
378131.52612018096
363391.2888479729
378103.6943321688
363417.16977923334
378064.8730110815
363431.6989909962
378038.27115621004
363457.6415147751
378004.1722921496
363475.6760672407
377977.12618926505
363500.079322785
377940.53166240477
363514.58099863015
377915.0442308798
363539.44735924556
377881.5026381572
363555.89516813314
377856.5435566899
363580.2510839256
377820.3291594406
363593.0647075752
377795.8805445242
363616.9273069646
377765.35084017063
363634.3394979342
377739.2520231239
363655.62235315883
