15992001.0
14432402.0
13397599.692596445
12547155.830310237
11848112.544833858
11248190.555955037
10699593.209633451
10210731.182049934
9768688.661291406
9351654.441096274
8968830.556479506
8614796.158646837
8275768.529619768
7959695.782539903
7663694.2441746555
7377748.958151549
7108629.190208093
6854578.560306715
6607745.437320655
6373961.3988509085
6152058.5747949
5935584.090441076
5729634.442152084
5533383.812464658
5341356.844276166
5159656.083636096
4981442.026408251
4811111.233495766
4648085.490261903
4487994.920977823
4335924.018913228
4186332.5502069066
4042905.6987988194
3905253.302564651
3769742.1281409985
3640720.1809993014
3513535.8611437054
3392434.6768821287
3272910.7656466216
3158060.8897423395
3047604.4079203587
2938603.9710114077
2834666.0443943557
2731996.4501023614
2634127.3707836843
2537361.6823952687
2444287.5446659294
2354711.9453224363
2266172.169096134
2181743.3692426356
2098225.452926634
2018637.6236063775
1939848.9594125012
1864825.4076540596
1790500.7428324313
1719057.4738717445
1650349.8567658279
1582341.091624537
1517611.515915522
1453500.8270426264
1392548.6811881436
1332142.7400808767
1274783.7263363271
1217904.6743685391
1163969.0099047734
1110452.778963385
1059175.2831868182
1010027.5886842042
961330.8798877842
915236.7266010307
869543.1256191909
826372.5575765567
783556.0428630254
743188.0681570083
703131.1925336949
665452.940883055
628046.0364029531
592952.0158488612
558092.4910190279
525483.9298602229
493075.64644212835
462361.8623758086
433257.1956405957
404410.34157945396
377570.55263937934
350958.7184087516
326304.33009696193
301849.993150894
279306.0704197451
256936.08855153125
236431.88317011128
216077.15565215857
197545.78585756963
179140.94755694905
162519.10854635434
146002.25317688135
131229.954887325
116542.38407631415
103562.71317315465
90648.70845949037
79006.536372454
68571.44240221712
58262.96547103596
49490.73018035521
40827.820802522016
33670.703371713054
26606.56503109896
21019.06618871454
15509.079137387065
11447.796529121188
7449.378618967112
4872.873957881065
2345.3527068755056
1214.0295528395172
2337.281565348525
1215.8794762119983
2329.4454627451687
1217.7075976019146
2321.833559597809
1219.5139823285203
2314.4356921962994
1221.2987335954813
139.70244242935664
1214.2328673399397
141.4266993257806
887.8979953967935
425.94882092761543
883.5809561557563
425.28414647927127
879.38338839153
424.6534467132874
875.3001563748851
424.0548764056838
871.3264203575999
423.4867114435119
867.4576153354726
422.94733937213744
863.6894316253931
2423.394447895519
867.228484302176
425.0115650256329
863.634812046816
424.5644690737688
860.1305024790499
424.1403681716538
856.7120927250854
423.7381038621302
853.376300217757
423.356587366238
850.1200109866635
422.994794616475
846.9402688549723
422.65176170076217
843.8342654617197
422.32658067840987
840.7993310367015
422.0183957335304
837.8329258622791
421.72639963499677
834.932632362684
172.18611943958993
1050.015628252704
173.3684131419764
1045.8099125136496
174.5383168663783
1041.6897329645114
175.69598322731292
1037.6523133908129
176.84156628795216
1033.6950001429605
177.97522111920028
1029.8152553343548
179.0971034080504
1026.0106504919686
180.20736910993932
1022.2788606246138
181.30617414066978
1018.6176586769134
182.39367410372665
1015.024910339858
1879.3674822595196
1016.1898574540903
186.7813191239378
1012.7212699748873
187.84246675065646
1009.3153510599569
188.89281716543195
1005.9702888348874
189.932524172355
1002.6843428223725
190.9617400871061
999.4558403997491
191.98061563399435
996.2831734674382
192.98929985767876
993.1647953139782
193.98794004803202
990.0992176638895
194.97668167681576
987.0850078960998
195.95566834496321
984.1207864215814
196.92504173931712
981.2052242092772
197.88494159786202
978.3370404508291
198.835505682577
975.515000354971
199.7768697590735
972.7379130631175
200.70916758228805
781.4063563015633
363.8385469864192
779.5402210784994
363.9344380804972
777.7042065519482
364.0330223865566
775.8975439815838
364.13416478808006
774.1194912315866
364.2377364544258
772.3693316141714
364.34361451488985
770.6463727932806
364.45168175186825
768.9499457451097
364.5618263120603
767.279403771656
364.67394143416703
765.63412156452
364.7879251924613
764.0134943157543
1816.2086375821389
765.5346740019768
366.6636576649257
763.9584780106379
366.78580264784773
762.4052770876256
366.9094129270686
760.8745395526673
367.0344082062789
759.3657504206543
367.1607117381125
757.8784107423561
367.28825015325776
756.4120369763675
367.4169532988532
754.966160390593
367.5467540855807
753.5403264916453
367.6775883429092
752.1340944807262
367.80939468200825
750.7470367343004
367.9421143659405
749.3787383087308
368.0756911865657
748.0287964669326
368.2100713479009
746.696820226506
368.3452033554868
745.3824299279162
368.4810379114074
744.0852568216624
368.6175278146848
742.804942673606
368.75462786672284
741.541139387402
368.8922947814889
740.2935086433708
369.03048710019675
739.0617215525513
369.16916511020065
737.8454583257583
369.3082907679566
736.644407956474
369.4478276256972
735.4582679169836
369.5877407617277
734.286743867212
369.7279967140716
733.1295493756038
369.8685634173521
731.9864056514091
370.00941014265345
730.8570412878181
370.1505074402653
729.7411920156007
370.291827085162
728.6386004665248
370.4333420250329
727.5490159462531
1496.9276971088677
842.777957022651
235.93465755694714
841.2877260089382
236.50038087027806
839.8140902000431
237.06193587021576
127.35151328390515
