32501368.12028352
27740547.279945124
27697275.502285544
27356047.22016054
28805599.057527203
28186880.707612507
28262862.449003648
28429792.901292343
28656879.229252666
28858283.07110531
29098914.38988258
29174731.080229368
29196479.940878466
29664875.540774252
29320078.936522525
29739397.742681343
29786802.772461217
29915488.565054238
29867493.18980672
29913372.94912553
29883660.6696469
29937833.261747025
29922083.127472036
30120775.792646043
30052715.516039107
30239979.22126876
30180529.35029421
30357730.541387886
30305465.18076335
30473731.48265329
30482579.216888346
30576235.529807214
30532318.739546895
30621360.092705358
30580795.806870114
30665686.41945731
30628067.649994392
30709203.457832206
30674190.31495948
30748722.509685606
30716093.485126756
30790632.52932998
30760075.982189316
30831756.466021832
30803063.98430206
30871198.86923327
30844206.96182316
30910805.903465625
30885341.545862157
30940690.332068466
30916766.005708624
30978866.765349317
30956208.57507216
31016359.163655017
30994862.02661614
31053189.444419544
31032760.23834815
31089379.183810916
31069935.034960717
