32501368.12028352
27740547.279945124
27697275.502285544
27356047.22016054
25921468.20986054
24796361.40939028
24970969.734601792
24781619.579083923
24656498.077170607
24510501.11603116
24428451.905761074
24495828.191202838
24611037.473666616
24749144.876456767
24875690.135579403
25009294.072344672
25170545.858816367
25332508.83231602
25482079.99094816
25656595.9578807
25820454.77755196
26001420.453969628
26170848.535764113
26239292.21324956
26310724.10832286
26380624.029329192
26457623.82898645
26535495.341448296
26595316.810148176
26681641.86255278
26770604.105427865
26828301.64219985
26918505.765975658
27010229.56570933
27070604.36728908
27155417.186130006
27223822.43251727
27314266.668799378
27384169.911083676
27475703.123979464
27568165.99973741
27668050.440983895
27745884.019301146
27844974.80808772
27944548.06307186
28044525.076322995
28123424.458997954
28223226.204112615
28323253.148757763
28385587.396527138
28327894.107070547
28420485.72132594
28463717.75202147
28559984.80988072
28585539.959074326
28597958.7696412
28641945.758594133
28656205.43741869
28748044.128892563
