32501368.12028352
27740547.279945124
26438872.40937252
24862395.18269196
23779919.017747514
23347683.40622112
23251353.803072598
23283335.41743073
23390467.222786114
23521993.341166273
23624094.61695172
23780652.88340473
23984012.357702598
24153959.51295168
24387600.358254228
24582230.51627379
24786821.87607076
25027180.953175817
25208016.667934608
25447410.012767762
25674037.578390222
25891813.200097553
26068380.23481598
26297450.18503785
26514204.58602945
26734633.241430577
26718289.321671452
26938764.127574176
27108263.950386964
27278754.10477648
27461987.91868933
27672009.944693804
27878577.332661714
27926721.34094269
27969340.988665033
28002870.433611996
28052315.919635694
28006129.42815774
28004746.152747173
28025649.44689536
28081249.77961117
28046730.812972177
28098449.650724076
28126571.54162362
28183472.841757473
28211710.19922319
28277013.55894931
28275766.19657812
28347416.022644393
28353193.573678546
28446792.26112968
28547521.577798396
28620950.48618591
28720482.93426317
28819957.308445167
28896052.580826614
28968433.416839324
28960304.180150878
28953833.916052286
