92973277.91957892
66643416.05591281
59401213.42726188
53439119.618855074
50086515.922408886
48766993.74131623
47293917.02220128
46348441.51863418
45400790.082450464
45347126.83966844
44901570.63270895
44741067.089626744
44795110.73544288
44960082.42974087
45184489.519581415
45500207.762452416
45845448.10302811
46229801.49685653
46544093.96280525
46909273.62893363
47321830.59808817
47687145.04746975
47926954.25737967
48267613.125453144
48633834.439694494
48998106.22111734
48892201.17543283
49243005.80704082
49509834.807328746
49789275.26136897
50114738.41364589
50457778.22162902
50798844.02976192
50939394.48762551
51123145.94924146
51280456.59750322
51452419.92587479
51238867.25227979
51183867.86105475
51299837.5188214
51451296.92167272
51284689.6230901
51449127.60734866
51579945.883043684
51733020.15127176
51880289.86104717
52033999.26694429
51910941.1415855
52074018.915691726
52016050.58995815
52160544.62402447
52318231.58888625
52496584.42420046
52654647.21366885
52816338.41482562
53618934.526717246
54079913.5215503
53986990.430132136
53296339.60792691
