92973277.91957892
68442028.99
54202898.55
50724637.68
47101449.28
46666666.67
46449275.36
45362318.84
45362318.84
44927536.23
44492753.62
44347826.09
44202898.55
44202898.55
44347826.09
44637681.16
44927536.23
45217391.3
45507246.38
45797101.45
46202898.55
46666666.67
46956521.74
47391304.35
47826086.96
48260869.57
48550724.64
48550724.64
48985507.25
49420289.86
49746376.81
50144927.54
50579710.15
50869565.22
51159420.29
51449275.36
51594202.9
51594202.9
51884057.97
52173913.04
51557971.01
52608695.65
52753623.19
52898550.73
52898550.73
53140096.62
53043478.26
53043478.26
53188405.8
53043478.26
53043478.26
52753623.19
52753623.19
52898550.73
53043478.26
53323671.5
53478260.87
53567447.05
53567447.05