92973277.91957892
67708215.49626245
68404191.15071262
68625953.13696264
73165634.6556293
70501680.05784076
71251919.24540879
72182513.57917367
73224504.06721158
74003353.57285061
74939727.72108866
75299099.56377365
75379615.22391573
76787213.27336152
75320054.73848492
76559771.29811902
76675500.12904228
77042570.78709526
76780644.67130083
76825670.18746597
76637577.26064442
76719692.27632387
76588522.79356001
76963428.66133498
76615611.85097611
76973291.5400662
76669119.3325217
77011225.84341554
76743480.36387251
77071441.68564385
77001537.07000752
77044605.54377599
76817735.66736476
76860972.45273839
76650453.46947958
76693691.29050863
76497575.07778037
76540688.678624
76357345.1877694
76390474.73406334
76218884.86620829
76261163.62728421
76099780.5547369
76141732.93761861
75989551.81600003
76028362.83745612
75884604.9246284
75925712.19553214
75789529.11751603
75803017.02391067
75674566.46618576
75714077.25932547
75591929.98636974
75631029.88108352
75514675.18564361
75553356.34539106
75442340.91374686
75480598.85941517
75374518.6219891
