44614755.38208351
43240110.011417225
42150420.51588952
41230477.303961106
40426336.1408173
39707660.57162548
39055401.062185526
38456673.769672304
37902285.49969061
37385405.1554843
36900792.94509489
36444325.490432136
36012688.879192345
35603172.34261319
35420255.85641389
35248750.622974195
35087634.17993009
34936028.170988545
34975985.79805738
35019398.95767837
35066017.722980276
35114002.70840182
35164810.82539318
35218263.698658645
35321840.4989065
35379128.98842053
35438644.35119195
35565682.770403564
35628130.038054876
35692492.82706842
35777530.86165848
35844651.562529676
35970014.10012484
36038893.265046395
36109319.70630845
36234737.115543365
36163421.38889389
36288374.63175834
36221717.6049779
36346241.90818946
36283898.36858988
36408024.71807411
36434657.8877748
36526174.79499912
36602431.565875314
36726066.66666877
36674744.913390614
36730725.99213399
36604159.48285665
36648945.11692212
36664874.62518148
36681902.45432832
36649054.0829852
36695123.24972688
36591020.88006534
36637679.85042015
36539698.796892844
36586986.42954091
36475754.841324404
36523276.39233761
36545238.832831204
36592163.932436086
36485804.015360005
36534446.87649774
36446931.36936422
36496095.7945846
36415048.15024218
36481749.85532529
36381813.13329559
36448124.92394648
36382584.65801621
36438960.254247494
36342499.7850108
36408477.62521003
36346853.27076913
36369000.430698335
36285135.05220302
36350831.00341071
36276296.02431801
36341935.45399207
36251703.06228413
36317023.01384525
36261883.644687995
36315309.90400406
36227841.56793255
36292882.11536705
36240264.300459415
36300401.608867444
36215406.54604527
36280288.14546084
36196669.89232375
36261275.20735029
36212079.94570854
36270314.385276146
36188951.25696402
36253395.10332875
36191133.41008473
36262386.51000322
36183181.12094475
36265054.89021713
36186816.764963835
36268061.24196748
36190762.06838409
36271395.49339134
36195008.31411125
36275048.062924765
36199547.18629457
36279009.82653889
36204370.74495114
36283272.0877375
36209471.40261566
36287826.55003642
36214841.90282192
36292665.29167902
36220475.300243296
36297780.742369026
36226364.94233875
36303165.661828265
36232504.45236707
36308813.12000667
36238887.71364695
36314716.478792034
36245508.8549529
36320869.375083014
36252362.23694863
36327265.70510271
36259442.43956905
36333899.6098443
36266744.250271216
36340765.46154972
36274262.653082244
36347857.85113372
36281992.818378955
36355171.5764734
36289930.0933406
36362701.63149191
36298069.993021205
36370443.19597104
36306408.191992976
36378391.626034565
36314940.51651696
36386542.44524871
36323662.93720084
36394891.336291924
36332571.562107176
36403434.133149765
36341662.630278885
36412166.81379528
36350932.50565166
36421085.493318215
36360377.671325155
36430186.41747011
36369994.724167585
36439465.956594825
36379780.369730406
36448920.59991656
36389731.417451374
36458546.95016044
36399844.77612647
36468341.71848177
36410117.44963236
36478301.71968306
36420546.532882616
36488423.867698565
36431129.20800254
36498705.17132902
36441862.740707934
36509142.73020903
36452744.476875015
36519733.7309924
36463771.839289136
36530475.44374096
36474942.32456102
36541365.21850363
36486253.500200264
36552400.48207399
36497703.00183618
36563578.73491463
36509288.53057714
36574897.54823836
36521007.850500144
36586354.56123631
36532858.78626268
36597947.47844417
36544839.22082985
36609674.06723805
36556947.09330992
36621532.15545265
36569180.39689194
36633519.62911372
36581537.1768801
36645634.43027933
36594015.528818525
36657874.554982536
36606613.59670228
36670238.05127035
36619329.57126928
36682723.0173333
36632161.688368894
36695327.59972062
36645108.22740296
36708049.9916363
36658167.50983548
36720888.43131146
36671337.897767134
36733841.2004491
36684771.74908842
36747062.07311485
36698159.59368398
36760238.50925168
36711653.86049928
36773524.36629286
36725253.06111164
36786918.08558932
36738955.74146923
36800418.14514382
36752760.480789885
36814023.058415644
36766794.021192335
36827860.712276675
36780798.74667214
36841671.0067878
36794901.45800267
36855581.896947175
36809100.85733908
36869592.027043305
36823395.67523316
36883700.07154186
36837837.82039131
36897958.37489345
36852319.777427554
36912258.38662436
36866893.50658682
36926652.50809306
36881687.01949629
36941269.876966126
36896440.82731717
36955848.59994663
36911282.98726055
36970517.86816788
36926212.40627804
36985276.54317548
36941228.01367259
37000123.51017179
36956328.76046395
37015057.6773333
36971614.020269126
37030179.26776497
36986881.984535284
37045284.64663996
37002232.065529
37060474.08162129
37017663.29523592
37075746.56644273
37033174.7245106
37091101.114754945
37048845.04963866
37106617.07938098
37064514.1048897
37122132.871244855
37080260.620448515
37137727.881687865
37096083.71770927
37153401.198740534
37112025.854039535
37169195.618375905
37127999.545087315
37185022.88104186
37144047.279209375
37200925.816775054
37160269.8674699
37217006.06737739
37176463.25858897
37233057.82766009
37192728.2913565
37249182.77184376
37209064.19400981
37265380.100377515
37225470.20854289
37281649.02816306
37241945.590365596
37297988.78419172
37258587.326039426
37314497.13901929
37275199.26211623
37330976.29170559
37291878.408943206
37347524.0407018
37308624.0723949
37364139.667952314
37325435.57021114
37380822.46784152
37342312.231715165
37397571.74689421
37359333.377187036
37414467.45216683
37376338.40010393
37431347.65515072
37393406.64147348
