122675524.86426154
89810594.04379769
71140485.6728533
58676981.021197274
49592633.31017448
42609084.25103262
37089097.701151624
32591361.136965528
28840260.096129157
25729195.061968364
23081008.8557612
20786163.878103137
18809644.81814236
17089321.66547973
15595749.94379652
14302822.375916354
13190306.794314949
12223201.669292748
11414446.590603672
10779868.058308832
10338347.015026435
10302697.124986643
16183571.157801026
104569053.11422406
104222988.67276625
103271396.97884539
102375853.47365156
101531624.73083146
100734516.49672416
99980796.92789175
99267132.82902165
98590536.35824127
97948320.22128616
97338059.79644345
96757560.95396723
96204832.58198304
95678063.02404563
95175599.78486356
94800703.26303223
94444345.17988765
94105400.35159674
93782834.36012784
93475694.39277229
93183101.18711951
92904241.92700206
92638363.95934881
92384769.2220188
92142809.28935246
91911880.95603386
91691422.29142243
91480909.10620171
91279851.78134184
91087792.41624947
90904302.25880061
90728979.38490011
90561446.59942505
90401349.53401345
90248354.92024809
90102149.01943822
