40128012.233291775
6532779.285245894
1842856.3646948829
930142.1514135067
1063283.992224171
563676.7923763535
1220339.948410593
550379.1041733945
1047803.0878051529
668617.2338767459
1069077.493759511
780082.792115294
1217945.3892706109
796998.5051623948
1121893.5754628188
852562.6713009493
1139306.2874876366
929042.9684640984
1142525.193709015
887050.0407879185
1113012.3791686615
1037149.0007167489
1133917.611784542
1216719.3774929089
1379815.767049974
1253318.4857194463
1316837.7349469273
1255587.2677997374
1254754.5217536967
1203300.7494181297
1327890.0075968066
1204910.0627785232
1343993.2066085225
1435163.5934757998
1426292.2048820707
1327079.1342149568
1368589.970287276
1316131.7119419384
1399592.54491151
1298469.804936934
1397136.127879575
1388489.70280333
1432692.1356984915
1500126.941136217
1538617.9668201525
1564093.7540393758
1646113.974104034
1691529.276298596
1693466.0082643917
1832348.5831324172
1772189.2960746577
1826495.4307762082
1776883.3633177467
1916545.523461352
1899279.6028077377
1879124.4528593607
1789690.8210694296
1901985.2959616631
1897164.6458651102
