5930374.904087777
4731166.585087778
4081694.3724211105
3643244.7045428883
3280349.384396222
3007881.0620517773
2796003.4524232065
2627016.793998207
2489661.369225367
2376385.9313742565
2281912.392831925
2202426.548158019
2135095.433153309
2077765.9911983858
2035810.33479657
2000432.6360865347
1970632.9507954272
1945602.4564446048
1924679.4457915316
1911269.2136610355
1900775.3417907215
1889061.1101230143
1883278.2251060621
1880542.1014335367
1879516.0893745786
1880008.2375427398
1881852.3173340922
1884903.685281044
1889035.9216341057
1894138.0796106474
1896014.5568906579
1898804.8614935705
1902424.5806493799
1906798.4330522062
1911859.0829494053
1917546.1345469898
1923805.275408272
1930587.5436175556
1937848.6982677854
1945548.6766158622
1953651.1242606249
1962122.9871085803
1970934.1558322557
1979932.6768354431
1989220.6807613433
1998775.0555323747
2008520.8715685583
2018492.946965522
2028673.9255856755
2039047.2846334279
2049454.23396338
2060122.5757789314
2070941.8613327185
2081900.0371001908
2092772.0762353307
2103936.396398796
2115164.2026794874
2126492.3013879275
2137642.8999314383
