89504805.09935285
50295158.62064348
30282023.402901612
18704511.749971118
11584976.278196784
7151211.226766169
4399898.873032639
2788530.759190236
2022458.165016119
1666179.1486187424
1245117.6428487066
1036485.6107907083
898821.1513896943
797708.5515814971
671079.777424632
641025.0956712737
534987.5056683338
547994.411464401
530526.4553513959
572423.6970250313
550310.3991031897
566539.4382719719
631625.4308914269
691077.138688329
760300.6395260065
819045.7846385406
897864.9552692617
931766.2466743379
1030536.4246147745
1116730.5146183562
1218500.244677775
1331178.2002033775
1430404.0540714785
1539615.885108107
1572191.1994927274
1695050.9056754543
1796387.4084773893
1892094.4703004945
1940122.42475912
2026166.8189207064
2123785.2203410477
2247899.1588569847
2304495.8944163714
2433588.3178416593
2485984.1861263798
2511901.9269509744
2549760.25964639
2667270.978946922
2662355.825235506
2763425.5625834893
2823817.7555554262
2895157.6544197816
2931790.765561393
2996348.814743802
3104014.824748978
3076341.5987557876
3044910.4666554313
3147408.680368572
3130655.634831007
