5926616.687219777
4530514.434919778
3738668.488941999
3217700.6961253327
2845926.4618720002
2566670.1555497786
2349416.450811003
2176060.530593146
2035083.6632390015
1918760.0381758267
1821688.9740688093
1739967.2663141428
1670695.55185816
1611670.090161591
1561182.8338479686
1517887.4893872808
1480707.2689952143
1448769.813207355
1421360.306000513
1397887.0636276975
1377855.8577397552
1360850.4701438453
1346517.7691026304
1334556.1165951376
1324706.2635212785
1316744.1266899037
1310475.0055837398
1305728.912423355
1302356.7715156556
1300227.3035041124
1299224.4537808376
1299245.2566194786
1300198.0507403282
1302188.4883336858
1305870.6864940845
1309013.0145934669
1306249.211199478
1302780.3620085665
1299024.348163227
1297909.1692823428
1294856.778595169
1291285.2998164087
1289904.9036832154
1288278.0056964124
1284643.418285184
1284255.485578011
1284192.704444385
1281826.5205139217
1280705.0719254888
1279560.817291039
1277559.114034836
1278781.7404632356
1277925.9264218525
1278391.8930272209
1276011.4874016684
1276435.289455275
1277836.8164855705
1278857.9601078846
1280754.3459344485
