2488309.930319778
1341804.2995697784
1445522.7679586676
1327432.3798336673
1487177.2689621316
1500425.1596070402
1681955.8042391334
1626331.0427188491
1756248.4713321903
1759768.7897415964
1901935.0505982323
1844522.631729255
1921130.584979297
1991294.2144951236
2035654.6238114862
2103385.077156211
2129259.658526663
2123851.9206444523
2118881.101014324
2159905.571017294
2226996.673017494
2219764.271489611
2258811.1211779453
2288578.703230422
2308208.383383394
2313108.423122509
2343560.7278178167
2372283.0479599065
2362631.6679895446
2338617.9360311856
2323621.892738473
2368675.206346459
2351224.628597189
2371127.805085994
2382962.7069152286
2365420.266412821
2379865.7016897993
2397709.828791194
2405070.585662333
2391294.8916316107
2402241.2237996142
2408911.4257885856
2456471.084582956
2472127.835192807
2470985.207159004
2474265.8454283047
2479366.6185838184
2450104.283315328
2486678.22575031
2472427.473820206
2502240.2699789084
2521767.4951095385
2536986.9345738892
2562427.693513426
2590003.239035114
2594859.3212122596
2619989.8054121654
2626386.967951832
2629555.1173906196
