5926616.687219777
4530514.434919778
3738668.488941999
3217700.6961253327
2845926.4618720002
2566670.1555497786
2349416.450811003
2176060.530593146
2035083.6632390015
1918760.0381758267
1821688.9740688093
1739967.2663141428
1670695.55185816
1611670.090161591
1561182.8338479686
1517887.4893872808
1480707.2689952143
1448769.813207355
1421360.306000513
1397887.0636276975
1377855.8577397552
1360850.4701438453
1346490.661727584
1337294.3788153818
1327466.8320517847
1335416.8086497374
1344470.46343848
1354499.9041767553
1365393.795998797
1377054.8262926708
1389397.6200907659
1402347.015090735
1415836.6258528722
1429807.6421074306
1444207.8178015344
1458990.6164812073
1474114.4855317653
1489542.2371928447
1505240.5184922891
1521179.3555797609
1537331.760590739
1553673.3912885026
1570304.2758116713
1587079.720762504
1603981.816880535
1620994.3169161854
1638102.4629742624
1655292.834417359
1672553.2135513988
1689872.4667354107
1707240.4389073567
1724647.859810303
1742086.2604486586
1759547.8985108098
1777025.691669107
1794513.157815997
1812004.3614208912
1829493.86529949
1846976.6871788984
