15594602.0
15317794.821431313
15091523.601821914
14897880.628218042
14726221.425263131
14569520.841222443
14425608.892329054
14291915.217603665
14165900.578841468
14047130.989834614
13934550.436596746
13826801.9706743
13724045.660123834
13625032.865885224
13529893.873252094
13438223.86651239
13349330.352226365
13263475.446633559
13179931.965411372
13098996.373558117
13020019.080435183
12943315.659839237
12868295.142406931
12795176.030401034
12723815.342592204
12653875.845907051
12585586.627321992
12518555.12571659
12453013.87041678
12388594.470564837
12325530.74599362
12263474.554599896
12202659.560498375
12142754.85541935
12083992.9702393
12026057.865684023
11969180.279222941
11913057.152722023
11857853.54724688
11803515.852230482
11749874.622421376
11697087.497019181
11644943.9510617
11593600.431917619
11542853.577523122
11492858.45939467
11443418.167107875
11394686.269406054
11346471.704179002
11298926.452824827
11251864.78523326
11205437.042448211
11159462.380930513
11114089.471960295
11069141.9714492
11024766.869172342
10980791.981763275
10937362.618968528
10894310.459906653
