1441602.0
1198152.0
1048352.0
942564.5
861984.5
797584.5
744374.2959183673
699322.0637755102
660456.1907596373
626426.9050453515
596272.1824951742
569283.7625817542
544926.1086971776
522785.1318169148
502534.5057762888
483912.82511320186
466707.6879493276
450744.3394514202
435877.39987722534
421984.72833437193
408962.7962527429
396723.14797883824
385189.65729443333
374296.375461009
363985.8249009216
354207.6327943288
344917.4269101074
336075.935861887
327648.25026343536
319603.2116561965
311912.9037428436
304552.2261675088
297498.5353782035
290731.3403702131
284232.0436109503
277983.7193807147
271970.92327065347
266179.5277619763
260596.57974532063
255210.17658292747
250009.35791170516
244984.01086472714
240124.7867769657
235423.02775712236
230870.70176600272
226460.34505446328
222185.0109895114
218038.22444275662
214013.94103668947
210106.51064568243
206310.64463373777
202621.386382726
199034.0847254909
195544.36994963253
192148.1320815446
188841.50119765027
185620.82954176783
182482.67525500708
179423.78754824857
