15713317.49329795
14718241.104583696
13939135.808507474
13288651.210939236
12725902.405446315
12227901.218846295
11780213.93275828
11373079.200462308
10999532.194570472
10654397.805534363
10333706.568068814
10034334.831358375
9753772.192275334
9489965.17606338
9241208.68039938
9006068.47666714
8783324.556138847
8571928.854004368
8370973.129046816
8179664.167981684
7997304.371229503
7823276.358184509
7657030.619506493
7498075.510326156
7345969.063833158
7200312.236201122
7060743.288397441
6926933.079436559
6798581.096632291
6675412.086537873
6557173.179089833
6443631.419486031
6334571.639298795
6229794.611521577
6129115.444595638
6032362.178639421
5939374.553610299
5850002.924342116
5764107.301606226
5681556.501754512
5602227.390285717
5526004.206959168
5452777.961962168
5382445.894196771
5314910.984049661
5250081.514094004
5187870.672083229
5128196.1913645435
5070980.024489794
5016148.046352999
4963629.783654156
4913358.167890921
4865269.309424678
4819302.29046425
4775398.975066599
4733503.8344754875
4693563.78631141
4655528.0462935
4619347.991320019
4381132.380312187
4320785.203750794
4263177.254214187
4142904.0768582355
4069164.556821649
3961186.803616786
3855219.6183438515
3757719.894840569
3664067.6239626897
3563747.8671828182
3466714.7100558626
3376951.9049185268
3283607.019770867
3197683.028401819
3108042.3021802315
3025765.9053373476
2946335.582796334
2866244.1519286763
2791886.3931068857
2716049.8018102758
2637959.955126652
2567349.393166693
2499728.714660439
2431882.587479313
2365811.172180055
2301292.621873968
2236325.386982645
2175330.5378470393
2116558.871314041
2058249.698999429
2000732.3364443067
1947819.5689405939
1893990.9676190545
1842285.6120889648
1790526.8168789907
1742482.6625581859
1693916.0746062319
1648318.6368135447
1602135.1034667064
1557310.9972377787
1513834.6527325055
1471641.9929172585
1430538.9362244408
1390676.3018376334
1351720.2325827419
1314251.2240149705
1277163.0499865178
1241153.6322452622
1206294.10368386
1172660.0176867298
1139408.5182534931
1107733.0193928285
1076636.6852467842
1046280.8521309008
1016191.4694023954
987922.0380960235
960428.3225370201
933666.9867317682
907576.9206291023
882188.3614516985
857267.2753971599
833236.6550504873
808157.0996299945
786918.7529341237
764811.9429355897
743448.1898027997
722592.4981768319
702223.0670533609
682036.3432808857
663325.6755324444
644650.9574368541
626491.8778117177
1792490.1186008153
591521.9617682165
574752.2385283753
558445.1872557551
542991.3461991999
528020.9373359894
512405.0945267344
500299.4123394331
485725.17498977185
473642.2499726262
462489.57843842066
450129.385778364
437737.3836754131
425032.2605666579
412998.6417883763
410394.7525643938
409480.602960688
394088.57066245994
408992.3964023884
382931.6740457923
424757.65753476165
351571.8075693207
364663.5224455147
582356.8285210435
569001.5586693012
357006.6241324621
344481.8569420543
332291.3425505773
1381801.210830911
308900.5667921737
368984.259204887
340513.3844944966
319246.91671440174
292904.4395738564
266816.62373667315
274973.84679446503
284372.05162212753
298341.904722625
323145.8191087245
346873.1558492412
338536.42374055786
390841.2735033367
531292.2760540502
283016.19670474686
295343.35369256354
268972.1544321877
310137.0267549272
266899.9163660716
342381.5102167422
268404.6797600706
295517.79720788734
274437.48277330183
400918.3894973039
315942.29552737146
286307.6650025549
307201.7497683373
303216.30900748307
354334.33888754994
557001.642383965
553975.4336419909
331430.6391285155
1209601.7633014414
312646.5485413016
432273.4361618657
430323.52687104535
383341.4177162689
357463.55518542766
340970.71738773596
321987.43333585106
303475.16422720096
334596.4924439249
368109.4229041359
389388.35175982583
423206.05086790724
623389.8651463632
624180.3830249114
379272.61201421113
399009.49455915205
427070.34134188946
428489.2695068625
471712.14406401536
473585.64650169143
434010.8296377446
550612.3202754549
553179.4441861098
473073.1183405409
469802.4000609267
527277.8772780851
722632.2032371687
726413.1173461888
1273569.8972711042
1278831.3397325496
515575.8068335348
632390.5713307646
636983.6538476268
594542.13158494
573406.2056899628
561985.9836735817
532139.4966548444
561283.3296465396
600215.731432799
659203.3808892806
849457.8004509796
855942.7655354531
628155.7377470117
652028.9944733876
683419.6785409182
690360.9126197383
735324.2306561811
742653.7292130461
707404.6452303153
823188.258511479
831108.5902657482
749790.5614716744
809656.7424100905
994591.6290641753
1468819.5643133884
1478627.0564368693
810385.5876941475
925173.690060596
934457.1481136163
897638.7830309911
907185.8130013095
874373.1634792561
857770.6972583756
886803.2288498016
940630.9766775186
1150708.137146907
1161451.640628081
1055992.9838913714
978984.6593960604
1012507.5491577273
1023615.9245522951
1069408.5005892254
1080855.4585667439
1151634.2771026157
1163449.683296525
1175411.1288556068
1100637.415741739
1324078.1158345807
1746662.2284940528
1760075.745838956
1177690.114164841
1275925.6620522847
1288919.738071675
1257627.9362947429
1270845.4096566965
1242838.8302981083
1270869.1362216156
1242815.027540953
1245741.351941392
1250151.773354615
1245173.567906363
1250795.7828856003
1244450.2373992214
1251617.2609910653
1243528.8993939422
1236492.0387906092
1239668.0221979157
1236469.5843511538
1239690.1255371566
1225180.2018408717
1239712.0037817878
1225158.2245667265
1239733.6607280371
1216838.0436942705
1239755.1000830675
1216816.5219463487
