14814801.0
14009554.799763892
13368759.617001506
12825934.90063497
12349948.867319297
11923292.973993255
11534972.483354023
11177551.114266548
10845722.666265685
10535544.268074369
10243991.514778085
9968684.379060728
9707710.04979108
9459503.847402334
9222766.522273766
8996405.211616436
8779490.276061757
8571223.089701524
8370911.5672087455
8177951.271391574
7991810.620780921
7812019.159668509
7638158.149706863
7469852.945103677
7306766.754824211
7148595.49538762
6995063.509911023
6845919.981632968
6700935.90900214
6559901.538470665
6422624.173095433
6288926.291823788
6158643.927270327
6031625.259847176
5907729.393994648
5786825.288489067
5668790.817762504
5553511.94514184
5440881.992118055
5330800.990355568
5223175.105271842
5117916.121756933
5014940.984036771
4914171.382872318
4815533.3842756925
4718957.094751337
4624376.358764449
4531728.484724037
4440953.996263114
4351996.406018921
4264802.009474436
4179319.696728755
4095500.7803267534
4013298.837504529
3932669.56540231
3853570.647965369
3775961.63340006
3699803.8211796214
3625060.1577056213
3551695.139828226
3479674.725513715
3408966.2510225787
3339538.354027508
3271360.9021587665
3204404.9265158903
3138642.5597302397
3074046.9782034126
3010592.348182472
2948253.7753650364
2887007.2577558598
2826829.6415221225
2767698.5796175515
2709592.4929660186
2652490.5340137416
2596372.5524757914
2541219.0631175647
2487011.2154254
2433730.7650326784
2381360.0467788083
2329881.949288464
2279279.890967532
2229537.797320441
2180640.0795010542
2132571.614016102
2085317.7235063482
2038864.1585363827
1993197.0803290629
1948303.0443854148
1904168.9849351018
1860782.200166571
1818130.3381896159
1776201.3836864494
1734983.6452104608
1694465.743094651
1654636.597934362
1615485.4196113036
1577001.6968281094
1539175.1871246973
1501995.907349589
1465454.1245611177
1429540.3473350387
1394245.3174565856
1359560.001976392
1325475.5856109788
1291983.463469729
1259075.2340913592
1226742.6927739442
1194977.8251835098
1163772.8012271044
1133119.9691770964
1103011.8500342206
1073441.1321176207
1044400.6658708174
1015883.4588731568
987882.6710468968
960391.6100506302
933403.7268502675
906912.6114592835
880911.9888403964
855395.7149612497
830357.7729970982
805792.269673844
781693.4317451435
758055.6025976195
734873.2389785358
712140.9078405723
689853.2832986261
668005.1436938068
646591.3687600563
625606.9368890349
605046.9224891453
584906.4934347603
565180.9086019207
545865.515486946
526955.747904572
508447.12376239593
490335.24290855776
472615.78504973504
455284.5077366642
438337.24441452796
421769.9025356782
405578.4617322713
389758.97204651136
374307.5522162942
359220.3880141496
344493.7306374669
330123.8951480875
316107.2589594197
302440.260369325
289119.3971370897
276141.22510287724
263502.3568481198
251199.46039537416
239229.25794623225
227588.524655932
216274.08744337325
205282.82383529752
194611.6608434371
184257.57387349525
174217.58566485974
164488.76525999728
155068.22700252075
145953.12956296062
137140.67499130886
128628.10779544163
120412.71404456407
112491.82049684868
104862.79375047675
97523.03941731773
90470.00131851574
83701.160701275
77214.03547616732
71006.17947430599
65075.181723760266
59418.66574460174
54034.288862001646
48919.741536816735
44072.746713122426
39491.05918217132
35172.46496227613
31114.78069413034
27315.853051101098
23773.558164042875
20485.801060197387
17450.515115760685
14665.661521712458
12129.228762517
9839.232107319149
7793.71311327007
5990.739140632761
4428.402879326519
3104.8218865823437
2018.1381353930533
1166.5175734506322
548.1496922752822
161.24710624972164
4.045141281632847
74.80143282663744
371.7955330127506
893.3285266156339
1637.7226556422604
2603.320952288141
3788.486880041242
5191.603982712308
6811.075541179073
8645.32423763789
10692.79182716292
12951.938816379756
15421.244149066428
18099.20489849846
20984.335966364357
24075.169788078503
27370.256044328285
30868.16137869337
34567.46912118188
38466.77901753369
42564.7069641438
46859.88474846217
51350.959794737006
56036.59491496109
60915.46806489812
65986.27210505822
71247.71456650404
76698.51742136397
82337.4168579439
88163.16306031917
94174.51999230066
100370.26518567256
106749.18953259218
113310.09708205689
120051.80484034216
126973.14257531306
134072.95262451927
141350.08970698543
148803.42073860823
156431.82465107675
164234.19221423834
172209.4258618216
180356.43952044673
188674.1584418479
197161.51903822474
205817.4687206667
214640.96574056637
223630.97903396326
232786.48806875112
242106.48269467958
251589.96299609277
261235.93914734444
271043.4312708259
281011.46929755434
291139.0928302609
301425.3510089295
311869.30237872404
322470.0147602636
333226.5651221877
344138.0394559585
355203.5326528664
366422.1483831759
377792.9989773755
389315.2053094853
400987.89668237866
412810.21071507543
424781.29323196295
436900.298153912
449166.38739123644
461578.7307384744
474136.5057709376
486838.8977429997
499685.0994880921
512674.311320364
525805.740937979
539078.6033280117
552492.120672916
566045.5222585256
579738.044383567
593568.9302706459
607537.429978684
621642.8003167706
635884.304759406
621668.1104414151
635858.8436379527
621693.1518171692
626407.7006055011
621086.1201408108
627096.0097075622
620312.7583328354
627973.9548085704
619327.6418285854
629093.9739612474
615198.8703453314
629069.9454715864
615222.5102736708
629046.1634586914
615245.9094260983
629022.6237389059
615269.0718637481
628999.3222273045
615292.0015524781
628976.254934711
