2162403.0
1797228.0
1572528.0
1413846.75
1292976.75
1196376.75
1116561.443877551
1048983.0956632653
990684.2861394559
939640.3575680272
894408.2737427613
853925.6438726314
817389.1630457664
784177.6977253723
753801.7586644331
725869.2376698027
700061.5319239914
676116.5091771303
653816.099815838
632977.0925015579
613444.1943791143
595084.7219682573
577784.48594165
561444.5631915135
545978.7373513824
531311.4491914932
517376.14036516106
504113.90379283053
491472.37539515307
479404.81748429476
467869.3556142654
456828.3392512632
446247.80306730524
436097.0105553196
426348.06541642547
416975.57907107205
407956.3849059802
399269.29164296447
390894.86961798096
382815.2648743912
375014.03686755773
367476.0162970907
360187.1801654485
353134.5416356835
346306.0526490041
339690.51758169493
333277.5164842671
327057.3366641349
321020.9115550342
315159.7659685236
309465.9669506067
303932.079574089
298551.12708823633
293316.5549244488
288222.1981223169
283262.2517964754
278431.24431265175
273724.0128825106
269135.68132237287
