15713317.49329795
14718241.104583696
13939135.808507474
13288651.210939236
12725902.405446315
12227901.218846295
11780213.93275828
11373079.200462308
10999532.194570472
10654397.805534363
10333706.568068814
10034334.831358375
9753772.192275334
9489965.17606338
9241208.68039938
9006068.47666714
8783324.556138847
8571928.854004368
8370973.129046816
8179664.167981684
7997304.371229503
7823276.358184509
7657030.619506493
7498075.510326156
7345969.063833158
7200312.236201122
7060743.288397441
6926933.079436559
6798581.096632291
6675412.086537873
6557173.179089833
6443631.419486031
6334571.639298795
6229794.611521577
6129115.444595638
6032362.178639421
5939374.553610299
5850002.924342116
5764107.301606226
5681556.501754512
5602227.390285717
5526004.206959168
5452777.961962168
5382445.894196771
5314910.984049661
5250081.514094004
5187870.672083229
5128196.1913645435
5070980.024489794
5016148.046352999
4963629.783654156
4913358.167890921
4865269.309424678
4819302.29046425
4775398.975066599
4733503.8344754875
4693563.78631141
4655528.0462935
4619347.991320019
4584977.032861796
4552370.4997348115
4521485.52941644
4492280.967156447
4464717.272210172
4438756.430588872
4414361.8737820005
4391498.402959327
4118871.4015303357
4073228.181236386
4032978.5027984967
3982161.0488105593
3863353.7646002965
3803243.9822352505
3698683.889541788
3605508.9292337126
3513799.184040613
3426924.563399347
3341714.5647356524
3264487.719225799
3185428.2698297463
3103421.7721599
3026113.548814908
2942926.927995013
2868549.840775946
2796997.378084265
2720181.882630961
2653158.9769882057
2580408.6737867612
2508546.0341341617
2444169.736829078
2379426.8516843766
2313241.575562424
2251208.399863286
2184402.1770532606
2129262.060824561
2067115.6140689892
2010793.0593369883
1953725.4104589238
1896438.4455870555
1842953.9157301919
1789895.7716072993
1733828.7935621757
1684962.2017204138
1636085.5124738473
1586561.3714840387
1538787.9723928012
1490183.7573388836
1446768.018283865
1401547.9350267842
1357929.3586907445
1315810.0707502663
1274154.5872134902
1233249.7137571895
1192906.1121681768
1151209.7626456986
1116027.8654113426
1080319.4001677248
1044669.7649683901
1008278.332272988
974402.9842388832
941625.0170775614
908951.7012201382
877382.899754721
846215.8343043107
815966.1098082146
786618.5809812931
757154.2508870714
730352.1844751455
703207.846518332
677365.4250598551
651816.6669854657
626145.1098913652
602847.0345381771
579225.1025922719
556362.6301171457
534233.8895084581
512814.6578427822
492391.46888718475
472014.69696145237
452667.2764726088
433836.02425584145
412743.46005160385
397756.167407191
380643.8532793949
364130.5220368294
346614.9329595873
331373.4612268469
316782.9862255681
302700.61362047656
289156.47092151083
276146.9046488379
263645.4431461913
251649.36857640982
240151.56854183206
229121.68873741926
218666.93840701904
208619.7127260621
198926.31616876938
189728.28731668284
181191.51200134266
173037.8571948008
165182.74406636602
157727.3979523855
150772.11810458024
144265.8706443661
138615.14903888555
132917.36644003144
127190.77430957684
122454.94976548335
117024.15599507774
113020.52467089106
109777.8465789587
107389.87867243585
105125.08098640852
101262.68569785329
1261617.9140280515
1256503.3667028667
97570.53132788427
93903.10303572897
94242.58732197335
102768.62907087839
101193.03250752733
132501.00468198728
105544.91051983755
123284.38427937658
119073.1470266495
115123.78817008052
303216.30900748365
108002.36436353796
204135.38190726915
200965.87812299374
165394.43574957116
129698.7872304734
107660.23960019262
118782.93751004244
1207744.8722722982
145403.9352468628
153341.17138228362
165144.0139790824
183438.45331867057
214096.3476514888
168466.5279346549
272816.9857128257
181781.18791858997
200788.46313614259
423543.0060847254
229349.91643345484
230115.1880787614
215869.44568996213
276420.81163261976
277808.56408368703
244346.8852235846
228120.1014792745
283247.26891966176
365952.6966770724
368384.80610440776
290568.07141359604
293419.836712306
351221.6134462438
354464.31302805775
344641.8099047736
348284.4246503349
576767.3459124437
342625.7515477408
342944.4885777768
474382.19470385154
1301758.145158345
1307953.8903517188
418180.6897692373
376347.7411096745
389796.7682962543
415120.54021366744
440027.0016353114
460853.99432542844
488611.33731476165
529154.998023305
597692.2027552635
748726.4137170225
755740.5797378862
528886.3342630039
563331.8885350942
570692.3662230772
620640.6825374987
628365.7445742007
593804.5894294366
584945.6996722561
727228.9846298574
735681.3334819502
652947.972850721
661669.6436020781
726194.8638371138
735275.6646302523
943901.0744356881
953504.5204429964
732440.7392050204
1551721.6646220007
1562787.1578189083
877824.1326325549
839360.486368719
822970.0992184716
780779.4981143842
822990.0076067753
780759.4286838121
823009.6903881256
780739.5870717427
823029.1517939095
780719.9690027186
823048.3959452008
780700.5703127497
823067.4268564195
780681.3869455967
823086.2484388789
780662.4149492139
823104.8645041481
780643.6504723269
823123.278767318
780625.0897611897
823141.4948500806
780606.7291563709
823159.5162837828
780588.5650897812
823177.3465122525
780570.5940817497
823194.9888946008
780552.8127382176
823212.4467078759
780535.217748035
823229.7231496063
780517.805880433
823246.8213402925
780500.5739824693
823263.7443257549
780483.518976671
823280.4950794321
780466.6378587051
823297.0765045638
780449.9276951894
823313.4914363197
780433.3856215159
