15713317.49329795
14718241.104583696
13939135.808507474
13288651.210939236
12725902.405446315
12227901.218846295
11780213.93275828
11373079.200462308
10999532.194570472
10654397.805534363
10333706.568068814
10034334.831358375
9753772.192275334
9489965.17606338
9241208.68039938
9006068.47666714
8783324.556138847
8571928.854004368
8370973.129046816
8179664.167981684
7997304.371229503
7823276.358184509
7657030.619506493
7498075.510326156
7345969.063833158
7200312.236201122
7060743.288397441
6926933.079436559
6798581.096632291
6675412.086537873
6557173.179089833
6443631.419486031
6334571.639298795
6229794.611521577
6129115.444595638
6032362.178639421
5939374.553610299
5850002.924342116
5764107.301606226
5681556.501754512
5602227.390285717
5526004.206959168
5452777.961962168
5382445.894196771
5314910.984049661
5250081.514094004
5187870.672083229
5128196.1913645435
5070980.024489794
5016148.046352999
4963629.783654156
4913358.167890921
4865269.309424678
4819302.29046425
4775398.975066599
4733503.8344754875
4693563.78631141
4655528.0462935
4619347.991320019
4376199.804860683
4320785.203750794
4263177.254214187
4136294.3280508183
4069164.556821649
3953439.155876605
3855219.6183438515
3750049.2904581307
3656381.3449668963
3553837.7811309285
3459522.9211574057
3369589.3691145317
3276660.1311920076
3190576.853728549
3101663.4510248182
3022511.153219185
2937826.9534921907
2866244.1519286763
2785146.3704211507
2711017.3576720376
2638857.057019014
2566379.809832863
2495723.7380179474
2426943.0077174273
2362011.3674325035
2297120.649161737
2231868.6288289754
2174040.93875906
2114198.344015559
2055400.6252094759
2000732.3364443067
1946023.9861313303
1892767.7653091769
1840202.700262446
1790526.8168789907
1741047.738724728
1691664.8022274226
1645671.8594995555
1600248.726305207
1556433.7866251613
1512853.8812961872
1470475.6664247727
1429023.7035239262
1389506.6113920452
1351174.8700642693
1313587.1880978637
1276370.5726721243
1240893.745670243
1206179.6860931574
1172232.808474183
1139408.5182534931
1107475.446149477
1076270.4440414836
1046268.1930800597
1016817.5663178749
988259.0555743754
960475.4794841501
933664.2653078716
907005.8869117233
882038.8000026213
857325.6977973768
833177.4216632912
809989.6952289529
786833.263654513
764925.1744128915
743563.2618085679
722774.9136056711
702013.3796062635
682312.5708225606
663325.6755324444
644714.7552384771
626030.1778034206
1792490.1186008153
591521.9617682165
574841.2931360514
558061.9395277507
543564.1156512746
526994.8316107179
512120.2223772849
498473.837593521
485725.17498977185
473642.2499726262
462489.57843842066
450129.385778364
437737.3836754131
425032.2605666579
412595.5233775862
410394.7525643938
409480.602960688
394088.57066245994
408992.3964023884
382931.6740457923
424757.65753476165
351571.8075693207
364663.5224455147
582356.8285210435
569001.5586693012
357006.6241324621
344481.8569420543
332291.3425505773
1381801.210830911
308900.5667921737
368984.259204887
340513.3844944966
319246.91671440174
292904.4395738564
267382.25359278213
274973.84679446503
284372.05162212753
298341.904722625
323145.8191087245
346873.1558492412
338536.42374055786
390841.2735033367
531292.2760540502
283016.19670474686
295343.35369256354
268972.1544321877
310137.0267549272
288192.3084117579
342381.5102167422
268404.6797600706
295517.79720788734
265510.419930387
400918.3894973039
396184.47404085984
271922.3433840019
307201.7497683373
303216.30900748307
354334.33888754994
557001.642383965
553975.4336419909
331430.6391285155
1209601.7633014414
312646.5485413016
432273.4361618657
430323.52687104535
383341.4177162689
357463.55518542766
340970.71738773596
316268.36608618626
305283.82313225686
334596.4924439249
353314.5149631352
389388.35175982583
483805.976963263
623389.8651463632
624180.3830249114
379272.61201421113
399009.49455915205
427070.34134188946
428489.2695068625
471712.14406401536
473585.64650169143
434010.8296377446
550612.3202754549
553179.4441861098
473073.1183405409
469802.4000609267
527277.8772780851
722632.2032371687
726413.1173461888
1273569.8972711042
511481.0605572689
515575.8068335348
632390.5713307646
636983.6538476268
594542.13158494
573406.2056899628
561985.9836735817
528805.0540756738
561283.3296465396
600215.731432799
659203.3808892806
849457.8004509796
855942.7655354531
628155.7377470117
652028.9944733876
683419.6785409182
690360.9126197383
735324.2306561811
742653.7292130461
707404.6452303153
823188.258511479
831108.5902657482
749790.5614716744
809656.7424100905
994591.6290641753
1468819.5643133884
1478627.0564368693
810385.5876941475
925173.690060596
934457.1481136163
897638.7830309911
907185.8130013095
874373.1634792561
857770.6972583756
886803.2288498016
940630.9766775186
1150708.137146907
1161451.640628081
1055992.9838913714
978984.6593960604
1012507.5491577273
1023615.9245522951
1069408.5005892254
1080855.4585667439
1151634.2771026157
1163449.683296525
1175411.1288556068
1100637.415741739
1324078.1158345807
1746662.2284940528
1760075.745838956
1177690.114164841
1275925.6620522847
1288919.738071675
1257627.9362947429
1270845.4096566965
1242838.8302981083
1270869.1362216156
1242815.027540953
1245741.351941392
1250151.773354615
1245173.567906363
1250795.7828856003
1244450.2373992214
1235445.4236301314
1263723.0719349103
1235422.7570118066
1238610.0473836237
1224134.1353302472
1238632.1288815383
1224111.9535533343
1238653.985507715
1224089.9977980366
1238675.6210546196
1215770.5526807748
1238697.039225737
1215749.0520238802
