129357687.26471764
101045208.82811761
85757723.20371765
76175546.48541763
69644754.70870307
64788102.565471545
61058457.52423896
58135517.26371824
55789707.55804494
53901396.608931154
52302695.49368638
50971936.67387843
49847406.88587746
48891026.84469273
48190596.186810575
47944537.914457455
47335952.77063379
47131062.79896695
46950009.00309422
47003212.94927181
46977920.72871642
46525920.564049095
46508112.747445635
46301108.36931318
46142722.03608341
45647969.01157184
45352230.751864284
45344199.40702786
44962502.63907847
44668509.60401317
44203338.57865379
43952678.69102559
43725721.92991989
43633175.60842557
43424824.216547385
45707178.02435866
43099319.24875414
42858881.84466361
42725418.868246295
45228159.26574231
42667259.43475044
45264305.61352195
42835472.441876635
45267705.81312702
42953831.514894135
45301232.25589388
42827981.39735093
45198875.55781853
42702684.317264125
45107140.59053987
42592814.800539434
45024952.403922915
42732681.969357565
45074127.91167583
42830175.948660895
45130383.77794152
42932421.99765415
45192924.33016289
42981984.851632096
