37419453.23928352
33639014.40003353
31424971.84053352
29925221.17090852
28826277.833688524
27977866.719338518
27299407.192752797
26742669.16949031
26276714.537701413
25880630.36909142
25539688.1496939
25229127.741953526
24956047.572678395
24714155.82208775
24490351.636763774
24373158.761071198
24185642.741148666
24090319.845925197
24006291.64601819
23932122.42189603
23911143.751091212
23775037.722067643
23760156.147286046
23749805.983229034
23691343.703567687
23638457.04412999
23533961.682310764
23530977.739034783
23436352.520508453
23347373.71731231
23263597.924416985
23184628.176334906
23110107.881707124
23109548.406279355
23041103.14453022
22976164.506094933
23041401.238044225
22978772.39420366
22919188.22226475
22862460.96231663
22922180.752429955
22931938.0374681
22935917.82133478
22993040.971948836
23050289.45084225
23052516.515916716
23058196.78707234
23061687.874373693
23068437.71690523
23073038.507653307
23080723.98943683
23086301.986109838
23138176.42309712
23144617.278464545
23195635.92481218
23202840.48803522
23253027.868908003
23260909.78991
23310290.30523702
