37419453.23928352
33639014.40003353
31424971.84053352
29925221.17090852
28826277.833688524
28309176.42203852
27617859.75259566
27049871.729333166
26573917.097544275
26168832.928934272
25819708.891354937
25515687.04630115
25235106.877026014
24986250.840721086
24755946.655397106
24633668.963787932
24533774.73908765
24446435.912491634
24278219.79054366
24206736.228186198
24143781.64498861
24088352.889952894
24039597.05552623
23996784.059309375
23959285.082941182
23845327.083427098
23843960.325994167
23845506.96466004
23849668.968936715
23856428.091643747
23866882.584752463
23835535.750293285
23807631.035921395
23820394.595388208
23741301.441938378
23664551.242619112
23588955.382513463
23597709.475840054
23527388.09768415
23460192.061674457
23395935.964675102
23334449.197345473
23275574.460995235
23219166.46259875
23224176.645013865
23171743.422969736
23177997.862782814
23181732.466096316
23189300.898972753
23143014.25813794
23151521.52280186
23108203.2334506
23117532.72002566
23076919.70946614
23086970.797537748
23093580.47405312
23104435.123256043
23068064.94045668
23078677.47184102
