37428246.57596951
33647807.73671953
31433765.17721952
29934014.507594522
28833438.97189453
27982027.857544523
27300996.90238737
26742008.87912488
26274054.24733599
26045491.614631705
25856841.70060302
25550228.946458317
25280792.76511765
25042284.717609007
24821638.655161574
24623683.3622421
24445240.68603415
24283717.21079201
24136972.67191994
24108997.750641387
24087479.968471322
23965461.82558228
23853011.79407853
23749158.52566278
23734712.50958855
23642176.467441455
23591159.016283516
23544828.200285982
23537987.662672315
23531597.365289085
23529265.30615076
23527087.20162312
23528478.06597918
23531764.362604104
23534344.49352567
23538578.64858831
23545678.860835142
23552379.789985597
23561667.527155343
23572118.86416509
23581638.335504085
23593787.873945426
23604958.294961356
23618554.098136228
23631137.72242767
23645969.01697507
23659766.031238
23675655.3297543
23692148.2905458
23707326.74003198
23724655.617009267
23742474.69962421
23758756.684069145
23777030.94522552
23792200.494839307
23807794.196744297
23825236.418646272
23843025.637723655
23859365.629610427
