37419453.23928352
33639014.40003353
31424971.84053352
29925221.17090852
28826277.833688524
28309176.42203852
27914696.64062423
27606440.894386742
27494055.86596927
27467236.36272499
27425654.68352993
27293705.43235159
27309976.33625729
27277273.96633095
27327938.18792619
27226879.658199936
27189308.198211063
27147108.928260673
27087661.762501024
27140359.548359063
27094589.41578966
27063661.593016617
27058156.45531428
27056792.043458223
27027417.783065975
27081097.32171494
27059695.10244191
27048831.37502989
27103006.34945524
27089115.10658741
27065602.57652464
27078651.895494506
27093362.211341318
27097725.578810632
27148785.5348358
27144885.833269782
27130519.810486645
27178276.440174162
27175476.577385
27181589.96185713
27199465.316495493
27218154.490050316
27210058.058418162
27254869.561530773
27257162.031213403
27266906.078078955
27311226.362492792
27315259.62921394
27310359.569789335
27331303.739131533
27352675.992811892
27374443.889716804
27371510.999303307
27409411.145893104
27384355.650328
27396169.371881254
27380583.54496816
27392748.177044753
27387469.509129494
