129357687.26471764
101045208.82811761
85757723.20371765
76175546.48541763
70133437.28828429
67065475.411339864
64799926.45559156
63093296.565740354
62276937.80909064
62426800.82735254
62194685.01099567
61871592.431783
62172609.84228032
62256105.21407903
62653753.575132124
62176475.23074641
62327945.72586322
62329988.9293319
62103017.00163632
62512297.39825872
62287032.06660669
62250421.01002665
62412274.95305621
62578719.90027116
62446780.18980697
62793440.85377302
62640154.9424866
62639817.133039095
62952018.54142812
62822992.87592091
62628127.03548501
62782365.35657728
62937889.24163092
63026529.51137384
63311547.59282707
63214402.67642854
63044109.89560394
63266202.14907345
63146576.937130354
63193587.84653969
63301461.01894562
63410148.373325974
63268026.82344421
63475455.195587814
63378859.00057761
63427776.05045857
63621551.05872963
63533788.208615996
63402484.558111005
63503519.419927366
63604862.30636788
63706457.76826057
63602258.3139909
63770860.43403085
63606292.25034151
63690892.06448717
63654394.28853346
63737286.53045766
63746855.37915421
