92973277.91957892
67708215.49626245
68404191.15071262
67486766.58765262
61137648.674748965
54944248.08740849
54594343.196008846
53351204.0872314
51914315.16315354
50173265.455159724
49113051.890696436
48681920.57654588
48548245.040693045
48540918.60106903
48620141.80318086
48639724.01629599
48709418.42034456
48849632.11827488
49004656.74612767
49140721.13111422
49316867.10838975
49505933.39027371
49709217.03941613
49682786.33388107
49658075.48437149
49662036.95081317
49682881.685667
49726665.57965471
49708905.5490227
49773149.00232079
49841244.8077462
49858274.001982495
49935541.8525334
50019732.21050279
50062245.80785329
50181852.834629044
50250521.65632451
50381780.26040752
50475199.77104623
50609763.07688215
50764719.959534384
50906535.86341905
51015990.62861209
51175189.99190821
51320292.25486435
51494532.26978839
51593348.53920407
51760045.27893313
51924028.602627024
52011102.128572
51854628.24151237
51861534.359883875
51791660.57951961
51943987.94968784
51859666.80814485
51761568.2528172
51677115.06641279
51596963.18316069
51746599.69541064
