7572718.93951978
6382860.526743683
5504042.903898555
4810298.909045578
4242746.266174915
3768299.064284405
3366191.3700957284
3022382.891655332
2726857.429772762
2472173.5168534727
2252623.852531454
2063717.5725746474
1901845.6836928267
1764056.216453284
1647898.0971833998
1551309.6971232397
1472537.3646626952
1410074.6366177108
1362616.0547996105
1329021.5158124107
1308288.3591724404
1299529.2350397776
1301954.3530554872
1309360.3834193707
1301989.354311291
1317410.768058155
1300140.3880531806
1311724.6285277873
1299388.9525463532
1312446.733818284
1310810.5909704464
1323954.5054623736
1324608.899868062
1347735.8617408518
1346451.6997389088
1371220.244746516
1374813.5540941632
1403815.7497245523
1420604.9263401886
1445529.6671768622
1467635.8240566903
1503509.5353939962
1513276.9960012261
1544295.2096831033
1549422.6719144045
1588098.6157434138
1608307.812423559
1650429.6859075106
1661476.4772716837
1709284.9520386492
1729308.3961819021
1769366.7254710612
1790510.7889766584
1804869.5158811766
1810770.7745329523
1850596.3483010337
1860906.5802864532
1892788.463035656
1909504.0274379614
