158969817.59593254
132698514.71543749
111992772.98428984
95728239.0952076
82423283.0789523
71179539.21793784
61472619.31227703
53018667.83982695
45579168.32069643
39053261.58062786
33355855.854737654
28314994.054987818
23870446.69616989
19996479.39310759
16585752.928245679
13620962.94785005
11047828.201493021
8863123.256500198
7026933.960882132
5489637.386172569
4241191.654294113
3268080.2130521922
2529581.5327977464
2179153.1208274188
1881269.9781918
1577561.322212224
1355478.9180007789
1140250.8932490915
1006189.0574723824
921530.9524740996
784521.2085193071
712811.3300502991
714234.6816006072
612055.5842711448
612641.20422372
594103.3156645767
587944.3865943385
651439.6797784102
683895.2758301113
728609.9095626335
840927.1865018242
956348.677717719
1010049.5221209417
1170403.373065005
1190643.6881876707
1373327.7627097436
1406586.4813905866
1622715.788605483
1727284.2267287339
1931583.6352176694
1911295.0598191945
2106500.0145357847
2312405.80989801
2407258.289638635
2640521.94117267
2657985.560879623
2883018.6257894156
3012457.405818289
3169671.4780267244
