7576477.15638778
6559128.050270066
5773924.421223739
5105859.593044822
4560216.078095282
4104895.980036293
3719753.6417932273
3391168.2241487256
3109422.7960218065
2867298.2478347286
2659257.8295549806
2480944.883345602
2328858.2724329196
2200134.25122599
2092395.001821661
2003640.5131512037
1944196.3890771554
1904579.4241861014
1879090.5118969083
1874875.8639097023
1882573.509911679
1901361.572483732
1930508.5363794751
1972632.1328071104
2027023.854645042
2072465.555224512
2124259.337438723
2160704.8367868955
2190910.995564617
2226608.1704429407
2275593.664427633
2310413.2489032308
2366878.3744993308
2430689.011138032
2471194.985894085
2555242.5999571565
2606062.619219606
2685177.819096003
2764141.01780985
2793822.8947530584
2866415.2224786542
2922341.8758507874
2945296.0766319283
2995827.522779611
3025629.585236376
3059621.1690955875
3072458.1776517346
3127661.645227806
3185692.1827183487
3216298.408313689
3231101.754086262
3220528.581523906
3224178.6654045763
3250229.2933315984
3246112.4758756575
3246830.9503324246
3268839.451352438
3280463.8303846475
3278701.019320935
