159090926.50326464
132846670.51805192
112081754.10652833
95777427.71437263
82457871.05413562
71205000.26832676
61510862.701367445
53051811.53178618
45625054.544966325
39093277.422325216
33372352.55144894
28330324.03588406
23896145.40853123
20009186.154334363
16591763.051102923
13622613.967753606
11062056.330978695
8874714.415262012
7023693.843262083
5499950.734376428
4244638.0548517145
3261293.0505055976
2528509.943335042
2186830.7855173447
1943856.910554336
1622358.0360394507
1396529.2072142097
1176257.3830224574
964899.7534424074
815239.9927168265
758358.8092072404
691425.3474431711
647947.2541696165
636734.4321426005
574862.3902722743
577729.2871026896
586635.06171545
624600.0513515427
658651.4114129778
707060.6810174297
780683.9922441116
863399.5574413722
1007179.914172363
1040603.8869473629
1211595.8194706663
1247720.624041294
1356572.137648592
1524550.9099067668
1671333.0842313368
1876860.953780027
1970655.3416966477
2184708.5436165025
2250951.42219579
2477250.921517612
2722980.0107768457
2767598.6009687786
2900517.683276176
3146514.2016800027
3044102.255771752
