7572718.93951978
6382860.526743683
5504042.903898555
4810298.909045578
4242746.266174915
3768299.064284405
3366191.3700957284
3022382.891655332
2726857.429772762
2472173.5168534727
2252623.852531454
2063717.5725746474
1901845.6836928267
1764056.216453284
1647898.0971833998
1551309.6971232397
1472537.3646626952
1410074.6366177108
1362616.0547996105
1329021.5158124107
1308288.3591724404
1299529.2350397776
1301954.3530554872
1296235.040950161
1300509.8662409878
1321366.1018216081
1332631.2121452047
1348358.396323773
1355781.8589697285
1372584.488126166
1392777.8284112432
1411140.2237224022
1424225.1735190286
1448033.2371567911
1469562.038782096
1501119.5557521333
1529513.7180865344
1556029.5250346835
1589681.254746517
1641145.1125455168
1689066.5257457672
1733276.3626675203
1769325.514393148
1810303.7780972735
1830634.512127945
1879004.86762972
1902959.7987835526
1945567.7760989408
1984391.6145791179
2055734.0733310175
2074646.6161890477
2136656.269088598
2196434.4949646504
2239359.2885115817
2287522.071979636
2322677.263178841
2381990.682369617
2443042.543233838
2498830.4120704173
