7572718.93951978
6382860.526743683
5504042.903898555
4810298.909045578
4242746.266174915
3768299.064284405
3366191.3700957284
3022382.891655332
2726857.429772762
2472173.5168534727
2252623.852531454
2063717.5725746474
1901845.6836928267
1764056.216453284
1647898.0971833998
1551309.6971232397
1472537.3646626952
1410074.6366177108
1362616.0547996105
1329021.5158124107
1308288.3591724404
1299529.2350397776
1301954.3530554872
1298132.6427178478
1305240.843965485
1325277.981930296
1329356.7295532313
1343182.6976768603
1364287.7859560975
1375047.7264159888
1391557.6211038798
1416152.5898383097
1429026.087873977
1444636.4567926703
1475575.6350829045
1494144.2759331993
1530091.9966307927
1558897.3620223424
1602077.2289571096
1632629.8989068486
1675001.7828837626
1722861.7917634423
1759102.2933851075
1806062.419282541
1850916.693889739
1873199.77714732
1914554.849000698
1981256.987184761
2037399.233530992
2100173.575482115
2132499.431792584
2199491.0274693063
2204925.5521266498
2270427.3114851583
2344848.028856861
2357695.409186711
2397359.5332686305
2456016.9033850296
2451271.677937058
