159090926.50326464
133106345.75700739
112367706.94424872
96056484.27973506
82755566.45682602
71553441.30055276
61911090.2871205
53512642.26419183
46158419.089069426
39701292.040564544
33949834.034114294
28915603.978660658
24484497.993448388
20586607.006144963
17175902.142884493
14184040.704797536
11599924.5150085
9374728.18743382
7478278.671328184
5885827.118726795
4565382.135516115
3521699.541667965
2712967.3090595063
2202091.4684190988
2017329.4552922328
1653380.7825587247
1586079.7505783115
1373352.369188358
1322759.091296817
1078398.6822797747
980433.5374455163
911598.3092999835
865891.124428922
766498.6698477885
745968.4329917324
709818.8249568911
710003.9231652487
688309.06434531
738235.1785059768
765507.6729666116
851500.4692285524
920232.4069866987
938798.8122719729
1084881.5637915698
1072627.3442074354
1210544.7376621044
1267972.857400532
1432912.6268453193
1421477.592791156
1608661.7006845577
1685519.329984984
1867161.3613632834
2012349.7612479061
2095385.2111679998
2096861.4839335037
2333652.7067365963
2329272.0820037355
2489059.5705020265
2473338.553900443
