44614755.38208351
43240110.011417225
42150420.51588952
41230477.303961106
40426336.1408173
39707660.57162548
39055401.062185526
38456673.769672304
37902285.49969061
37385405.1554843
36900792.94509489
36444325.490432136
36012688.879192345
35603172.34261319
35420255.85641389
35248750.622974195
35087634.17993009
34936028.170988545
34975985.79805738
35019398.95767837
35066017.722980276
35114002.70840182
35164810.82539318
35218263.698658645
35321840.4989065
35379128.98842053
35438644.35119195
35565682.770403564
35628130.038054876
35692492.82706842
35777530.86165848
35844651.562529676
35970014.10012484
36038893.265046395
36109319.70630845
36234737.115543365
36163421.38889389
36288374.63175834
36221717.6049779
36346241.90818946
36283898.36858988
36408024.71807411
36434657.8877748
36526174.79499912
36602431.565875314
36726066.66666877
36674744.913390614
36730725.99213399
36604159.48285665
36648945.11692212
36664874.62518148
36681902.45432832
36649054.0829852
36695123.24972688
36591020.88006534
36637679.85042015
36539698.796892844
36586986.42954091
36475754.841324404
36523276.39233761
36545238.832831204
36592163.932436086
36485804.015360005
36534446.87649774
36446931.36936422
36496095.7945846
36415048.15024218
36481749.85532529
36381813.13329559
36448124.92394648
36382584.65801621
36438960.254247494
36342499.7850108
36408477.62521003
36346853.27076913
36369000.430698335
36285135.05220302
36350831.00341071
36276296.02431801
36341935.45399207
36251703.06228413
36317023.01384525
36261883.644687995
36315309.90400406
36227841.56793255
36292882.11536705
36240264.300459415
36300401.608867444
36215406.54604527
36280288.14546084
36196669.89232375
36261275.20735029
36212079.94570854
36270314.385276146
36188951.25696402
36253395.10332875
36191133.41008473
36262386.51000322
36183181.12094475
36265054.89021713
36186816.764963835
36268061.24196748
36190762.06838409
36271395.49339134
36195008.31411125
36275048.062924765
36199547.18629457
36279009.82653889
36204370.74495114
36283272.0877375
36209471.40261566
36287826.55003642
36214841.90282192
36292665.29167902
36220475.300243296
36297780.742369026
36226364.94233875
36303165.661828265
36232504.45236707
36308813.12000667
36238887.71364695
36314716.478792034
36245508.8549529
36320869.375083014
36252362.23694863
36327265.70510271
36259442.43956905
36333899.6098443
36266744.250271216
36340765.46154972
36274262.653082244
36347857.85113372
36281992.818378955
36355171.5764734
36289930.0933406
36362701.63149191
36298069.993021205
36370443.19597104
36306408.191992976
36378391.626034565
36314940.51651696
36386542.44524871
36323662.93720084
36394891.336291924
36332571.562107176
36403434.133149765
36341662.630278885
36412166.81379528
36350932.50565166
36421085.493318215
36360377.671325155
36430186.41747011
36369994.724167585
36439465.956594825
36379780.369730406
36448920.59991656
36389731.417451374
36458546.95016044
36399844.77612647
36468341.71848177
36410117.44963236
36478301.71968306
36420546.532882616
36488423.867698565
36431129.20800254
36498705.17132902
36441862.740707934
36509142.73020903
36452744.476875015
36519733.7309924
36463771.839289136
36530475.44374096
36474942.32456102
36541365.21850363
36486253.500200264
36552400.48207399
36497703.00183618
36563578.73491463
36509288.53057714
36574897.54823836
36521007.850500144
36586354.56123631
36532858.78626268
36597947.47844417
36544839.22082985
36609674.06723805
36556947.09330992
36504705.67871075
36452945.96467316
36401664.143270165
36350856.456482425
36300519.19528721
36264556.84816659
36292556.7943138
36257334.619881734
36285743.777601935
36251250.4753595
36280062.628684714
36231823.716664575
36271800.46281254
36288670.69016233
36328877.78696807
36281597.74597653
36321908.00462151
36277823.82029256
36231476.83175896
36271799.110513695
36225970.425609425
36266392.83974282
36296344.682346985
36259415.885803476
36308222.73843147
36263394.41936181
36321624.51150764
36277089.10219438
36335132.512984306
36290885.95455439
36348745.25888627
36304783.58534934
36247630.189388245
36190948.716095015
36134735.97319733
36074371.45633941
36009019.77015693
35944149.84624793
35879758.483523935
35807168.65711748
35735070.13758028
35663459.70321802
35587728.06963834
35520710.52610565
35445865.85935623
35371506.78896048
35297630.19878293
35228712.74867529
35255325.15501022
35282246.30041581
35309474.23700441
35337007.03728527
35366235.154067785
35399381.11600185
35432815.91841729
35466537.77650565
35500544.923764296
35534835.61173462
35569408.10974506
35548241.54125355
35583285.26431539
35562812.327563226
35598321.60959143
35566572.85947636
35593567.97550109
35609401.3479311
35562420.21472199
35573565.8603255
35590035.672744825
35593989.50965215
35605825.95376166
35605202.97005466
35617850.42523978
35617708.28276545
35636188.58205323
35585174.92585159
35626131.4915443
35581725.29541237
35623219.2460537
35601499.049142174
35642957.65410446
35620225.21068943
35661716.72157265
35639331.587770306
35680855.91198548
35660025.20155463
35703327.73479343
35674373.506332174
35715963.98466163
35694321.60984141
35735943.83533378
35719865.83407514
35761598.916730486
35724822.97675758
35771158.61343861
35727038.20082902
35773211.24106666
35729267.373556376
35775279.695217624
35731510.57708771
35777364.026116915
35733767.892586336
35779464.283769384
35736039.4002514
35781580.51795661
35738325.17933799
35783712.778234385
35740625.30817676
35785861.113930486
35742939.86419264
35788025.574142545
35745268.923923396
