44623548.71876951
43248903.348103225
42159213.85257552
41239270.640647106
40435129.4775033
39716453.908311464
39064194.39887152
38465467.10635829
37911078.83637661
37394198.49217029
36909586.28178089
36453118.82711813
36021482.21587834
35611965.67929919
35429049.193099886
35257543.959660195
35096427.51661609
34944821.507674545
34984779.13474337
35028192.29436436
35074811.059666276
35122796.04508782
35173604.16207918
35227057.035344645
35330633.83559249
35387922.325106524
35447437.687877946
35574476.10708956
35636923.374740876
35701286.16375442
35786324.19834447
35853444.89921566
35978807.436810836
36047686.60173238
35910793.040592596
35837960.269721836
35908667.92910463
35980775.652709305
36086786.72275314
36024166.68814531
36130671.65575232
36238013.796488635
36181496.32741214
36289267.657326035
36366329.14718075
36475055.22387099
36553958.03359745
36621273.9328585
36526091.848701514
36369965.14501994
36202409.17982583
36282929.01427892
36364118.85052949
36403734.11039106
36289517.43424841
36300635.84897138
36170676.92825056
36016820.50152936
35865323.30201987
35716359.20034038
35794416.97199283
35847362.124483004
35901262.332930036
35956095.12416848
35943597.34841557
35819519.67028797
35697991.507275574
35707352.09306009
35586838.24201192
35431973.47692031
35300724.33645045
35274782.81827892
35123556.785745606
35099682.63796143
35154191.0084898
35108621.22637912
35159762.012855895
35188264.98068306
35244051.139576145
35174228.192350395
35230618.31090027
35139279.63610162
35160955.35615303
35059596.09517573
35081995.2351604
35082848.495671555
35106445.393411525
35007477.81878076
35031703.047256015
34939169.91117158
34964241.31717984
34873821.19577718
34933875.943655744
34879483.433164366
34939969.378731854
34887201.98376449
34948105.72054031
34897710.829081155
34937234.79004825
34907984.02865474
34859317.29609413
34926790.75076376
34873064.395358816
34940407.68834282
34853009.220734805
34775985.06239557
34700131.0515222
34619290.8622171
34545529.57035518
34534735.827823326
34524770.959172726
34575384.60335449
34636464.412237175
34595761.78515234
34662087.37440203
34724027.32823409
34685088.302104734
34727228.05645598
34664418.23011172
34702187.487345785
34640765.327225
34682674.85804437
34626183.60289711
34664685.85999429
34569752.81217956
34475884.31622901
34384441.70009693
34389822.387012795
34395853.251014575
34324423.37748522
34391316.48000398
34305792.00260226
34375256.594867334
34343107.52317676
34412671.273960695
34384116.016344555
34453934.98884717
34423272.61794565
34469956.46153269
34411894.835616454
34453663.88988238
34403805.28118599
34445988.59806755
34389242.605857074
34431532.620702684
34383454.23322493
34422753.597999625
34370648.10765381
34413437.439103134
34358710.2979489
34401598.046292625
34355913.03208152
34399180.541269705
34345639.44451615
34388999.72719811
34344926.2141195
34384816.18739464
34336240.98580748
34380055.40069587
34333595.95001217
34377630.84230845
34329568.66727605
34374623.45841492
34323187.55108127
34368318.610375196
34327888.241117224
34368315.86698046
34322158.376043186
34367695.525446475
34323555.3914101
34369289.98233468
34323440.48494054
34386903.64055544
34327554.1700085
34390674.27274678
34331683.49675262
34394466.37750203
34335828.233421266
34398279.55974026
34339988.153816216
34402113.436267994
34344163.03711293
34405967.63528716
34348352.66768807
34409841.79592891
34352556.834953904
34413735.567811504
34356775.33319898
34417648.61062074
34361007.961435206
34421580.59371185
34365254.523250796
34425531.195731096
34369514.82666878
34429500.10425618
34373788.68401108
34433487.01545437
34378075.91176762
34437491.633757
34382376.33047042
34441513.67154979
34386689.76457245
34445552.84887777
34391016.04233089
34342784.32497439
34264323.81425781
34216205.31515809
34160015.07246252
34100130.5179915
34044913.02808921
33990227.96533932
33931765.57026654
33878032.443896405
33820535.21894314
33767740.71501019
33715460.68391632
33659336.17543269
33607975.13915155
33557118.24354741
33502338.276573714
33452381.41812453
33410229.748968422
33372849.109371915
33331546.446425717
33374534.785732314
33417802.664404612
33461348.233221807
33505169.663262002
33557117.90610579
33609321.32217463
33661778.25269734
33714487.05679673
33767446.11122068
33819139.48235747
33871083.13454768
33923275.47532854
33975714.92905321
34028399.93664327
34081328.9553458
34130197.611435816
34179316.177508436
34216101.43487988
34252526.72846535
34301325.00585913
34279967.315126844
34313037.57796993
34330509.948957905
34352877.32996149
34311989.20839461
34347225.928210035
34308898.53941968
34341860.323440194
34376289.4302291
34335990.93839152
34371334.74645685
34334572.274314836
34370073.02823981
34330172.20008743
34365660.96012165
34326038.750232145
34361515.654481575
34324639.12873277
34360186.59853683
34321029.966681056
34356565.53799065
34317678.42482765
34353202.23156686
34317186.63720228
34352779.257868476
34314341.87219214
34349922.69131757
34312801.917758256
34348450.33144044
34313188.11094551
34346094.347491466
34311077.726805024
34346780.865306124
34308597.22731775
34344903.66360085
34309833.68165123
34343270.169005476
34309631.96353162
34346063.75361591
34308476.913263455
34344894.53283933
34310535.76481412
34343961.63077131
34309835.068857834
34346299.79108717
34309365.867888294
34345816.598883994
34312221.49945351
34345562.70909673
34312192.466792226
34348689.11380166
34311787.13514422
34348869.966834456
34316724.01499054
34350653.48170853
