44614755.38208351
43240110.011417225
42150420.51588952
41230477.303961106
40426336.1408173
39707660.57162548
39055401.062185526
38456673.769672304
37902285.49969061
37385405.1554843
36900792.94509489
36444325.490432136
36012688.879192345
35603172.34261319
35420255.85641389
35248750.622974195
35087634.17993009
34936028.170988545
34975985.79805738
35019398.95767837
35066017.722980276
35114002.70840182
35164810.82539318
35218263.698658645
35321840.4989065
35379128.98842053
35438644.35119195
35565682.770403564
35628130.038054876
35692492.82706842
35777530.86165848
35844651.562529676
35970014.10012484
36038893.265046395
36109319.70630845
36234737.115543365
36163421.38889389
36288374.63175834
36221717.6049779
36346241.90818946
36283898.36858988
36408024.71807411
36434657.8877748
36526174.79499912
36602431.565875314
36726066.66666877
36674744.913390614
36730725.99213399
36604159.48285665
36648945.11692212
36664874.62518148
36681902.45432832
36649054.0829852
36695123.24972688
36591020.88006534
36637679.85042015
36539698.796892844
36586986.42954091
36475754.841324404
36523276.39233761
36545238.832831204
36592163.932436086
36485804.015360005
36534446.87649774
36446931.36936422
36496095.7945846
36415048.15024218
36481749.85532529
36381813.13329559
36448124.92394648
36382584.65801621
36438960.254247494
36342499.7850108
36408477.62521003
36346853.27076913
36369000.430698335
36285135.05220302
36350831.00341071
36276296.02431801
36341935.45399207
36251703.06228413
36317023.01384525
36261883.644687995
36315309.90400406
36227841.56793255
36292882.11536705
36240264.300459415
36300401.608867444
36215406.54604527
36280288.14546084
36196669.89232375
36261275.20735029
36212079.94570854
36270314.385276146
36188951.25696402
36253395.10332875
36191133.41008473
36262386.51000322
36183181.12094475
36265054.89021713
36186816.764963835
36268061.24196748
36190762.06838409
36271395.49339134
36195008.31411125
36275048.062924765
36199547.18629457
36279009.82653889
36204370.74495114
36283272.0877375
36209471.40261566
36287826.55003642
36214841.90282192
36292665.29167902
36220475.300243296
36297780.742369026
36226364.94233875
36303165.661828265
36232504.45236707
36308813.12000667
36238887.71364695
36314716.478792034
36245508.8549529
36320869.375083014
36252362.23694863
36327265.70510271
36259442.43956905
36333899.6098443
36266744.250271216
36340765.46154972
36274262.653082244
36347857.85113372
36281992.818378955
36355171.5764734
36289930.0933406
36362701.63149191
36298069.993021205
36370443.19597104
36306408.191992976
36378391.626034565
36314940.51651696
36386542.44524871
36323662.93720084
36394891.336291924
36332571.562107176
36403434.133149765
36341662.630278885
36412166.81379528
36350932.50565166
36421085.493318215
36360377.671325155
36430186.41747011
36369994.724167585
36439465.956594825
36379780.369730406
36448920.59991656
36389731.417451374
36458546.95016044
36399844.77612647
36468341.71848177
36410117.44963236
36478301.71968306
36420546.532882616
36488423.867698565
36431129.20800254
36498705.17132902
36441862.740707934
36509142.73020903
36452744.476875015
36519733.7309924
36463771.839289136
36530475.44374096
36474942.32456102
36541365.21850363
36486253.500200264
36552400.48207399
36497703.00183618
36563578.73491463
36509288.53057714
36574897.54823836
36521007.850500144
36586354.56123631
36532858.78626268
36597947.47844417
36544839.22082985
36609674.06723805
36556947.09330992
36504705.67871075
36452945.96467316
36401664.143270165
36350856.456482425
36300519.19528721
36264556.84816659
36292556.7943138
36257334.619881734
36285743.777601935
36251250.4753595
36280062.628684714
36231823.716664575
36271800.46281254
36288670.69016233
36328877.78696807
36281597.74597653
36321908.00462151
36277823.82029256
36327078.679763205
36280721.362306
36234787.52923074
36275106.64147178
36304954.92613114
36259725.38620238
36308534.26236878
36263703.92451639
36321936.03072265
36277398.61203828
36335444.02754258
36291195.46902278
36349056.76885191
36305093.10437887
36247940.140769295
36191259.09884831
36135046.78635021
36074682.69892577
36009331.44121717
35944461.944828786
35880071.00867854
35807479.22673319
35735378.755950294
35663766.37460737
35588032.79828419
35521015.67668338
35454469.358862855
35380015.45483043
35306044.23386911
35232552.61173307
35280646.747286595
35312107.108617626
35344186.21757973
35376560.03069966
35409226.70414914
35442184.41324668
35475431.35218036
35508965.733735874
35542785.7890293
35576889.76724516
35555230.36814458
35533965.01114459
35568735.70707142
35548164.37935169
35583401.72854644
35563516.11830947
35590335.14163643
35538022.42832045
35553762.519777395
35569768.480096035
35573222.84735266
35589657.636718966
35593587.91188422
35605249.62105201
35604463.37351987
35616564.00360618
35616262.600804105
35634641.5269514
35583638.66027194
35607599.24163939
35631034.1664646
35660029.1043427
35653806.992991745
35613927.16190909
35655127.42419551
35633794.67706189
35678547.45766779
35651136.07093235
35695977.032541126
35673952.67897883
35718899.40089201
35697147.118759476
35742199.28284605
35725612.08754831
35767413.058738425
35746196.704917654
35787618.31216697
35766655.46934035
35811620.28984967
35767803.18325003
35812635.72845784
35768996.69375297
35813698.34391391
35770235.5293776
35814807.64090794
35771519.22668584
35815963.13273589
35772847.330082834
35817164.341091745
35774219.39163229
35818410.79586615
35775634.97087753
35819702.03495104
35777093.634667814
